1.51805
1.51804
1.51803
1.51802
1.51802
1.51801
1.518
1.51799
1.51798
1.51798
1.51797
1.51796
1.51795
1.51794
1.51794
1.51793
1.51792
1.51791
1.5179
1.5179
1.51789
1.51788
1.51787
1.51786
1.51785
1.51785
1.51784
1.51783
1.51782
1.51781
1.51781
1.5178
1.51779
1.51778
1.51777
1.51777
1.51776
1.51775
1.51774
1.51773
1.51773
1.51772
1.51771
1.5177
1.51769
1.51769
1.51768
1.51767
1.51766
1.51765
1.51765
1.51764
1.51763
1.51762
1.51761
1.5176
1.5176
1.51759
1.51758
1.51757
1.51756
1.51756
1.51755
1.51754
1.51753
1.51752
1.51752
1.51751
1.5175
1.51749
1.51748
1.51748
1.51747
1.51746
1.51745
1.51744
1.51744
1.51743
1.51742
1.51741
1.5174
1.5174
1.51739
1.51738
1.51737
1.51736
1.51735
1.51735
1.51734
1.51733
1.51732
1.51731
1.51731
1.5173
1.51729
1.51728
1.51727
1.51727
1.51726
1.51725
1.51724
1.51723
1.51723
1.51722
1.51721
1.5172
1.51719
1.51719
1.51718
1.51717
1.51716
1.51715
1.51715
1.51714
1.51713
1.51712
1.51711
1.5171
1.5171
1.51709
1.51708
1.51707
1.51706
1.51706
1.51705
1.51704
1.51703
1.51702
1.51702
1.51701
1.517
1.51699
1.51698
1.51698
1.51697
1.51696
1.51695
1.51694
1.51694
1.51693
1.51692
1.51691
1.5169
1.5169
1.51689
1.51688
1.51687
1.51686
1.51685
1.51685
1.51684
1.51683
1.51682
1.51681
1.51681
1.5168
1.51679
1.51678
1.51677
1.51677
1.51676
1.51675
1.51674
1.51673
1.51673
1.51672
1.51671
1.5167
1.51669
1.51669
1.51668
1.51667
1.51666
1.51665
1.51665
1.51664
1.51663
1.51662
1.51661
1.5166
1.5166
1.51659
1.51658
1.51657
1.51656
1.51656
1.51655
1.51654
1.51653
1.51652
1.51652
1.51651
1.5165
1.51649
1.51648
1.51648
1.51647
1.51646
1.51645
1.51644
1.51644
1.51643
1.51642
1.51641
1.5164
1.5164
1.51639
1.51638
1.51637
1.51636
1.51635
1.51635
1.51634
1.51633
1.51632
1.51631
1.51631
1.5163
1.51629
1.51628
1.51627
1.51627
1.51626
1.51625
1.51624
1.51623
1.51623
1.51622
1.51621
1.5162
1.51619
1.51619
1.51618
1.51617
1.51616
1.51615
1.51615
1.51614
1.51613
1.51612
1.51611
1.5161
1.5161
1.51609
1.51608
1.51607
1.51606
1.51606
1.51605
1.51604
1.51603
1.51602
1.51602
1.51601
1.516
1.51599
1.51598
1.51598
1.51597
1.51596
1.51595
1.51594
1.51594
1.51593
1.51592
1.51591
1.5159
1.5159
1.51589
1.51588
1.51587
1.51586
1.51585
1.51585
1.51584
1.51583
1.51582
1.51581
1.51581
1.5158
1.51579
1.51578
1.51577
1.51577
1.51576
1.51575
1.51574
1.51573
1.51573
1.51572
1.51571
1.5157
1.51569
1.51569
1.51568
1.51567
1.51566
1.51565
1.51565
1.51564
1.51563
1.51562
1.51561
1.5156
1.5156
1.51559
1.51558
1.51557
1.51556
1.51556
1.51555
1.51554
1.51553
1.51552
1.51552
1.51551
1.5155
1.51549
1.51548
1.51548
1.51547
1.51546
1.51545
1.51544
1.51544
1.51543
1.51542
1.51541
1.5154
1.5154
1.51539
1.51538
1.51537
1.51536
1.51535
1.51535
1.51534
1.51533
1.51532
1.51531
1.51531
1.5153
1.51529
1.51528
1.51527
1.51527
1.51526
1.51525
1.51524
1.51523
1.51523
1.51522
1.51521
1.5152
1.51519
1.51519
1.51518
1.51517
1.51516
1.51515
1.51515
1.51514
1.51513
1.51512
1.51511
1.5151
1.5151
1.51509
1.51508
1.51507
1.51506
1.51506
1.51505
1.51504
1.51503
1.51502
1.51502
1.51501
1.515
1.51499
1.51498
1.51498
1.51497
1.51496
1.51495
1.51494
1.51494
1.51493
1.51492
1.51491
1.5149
1.5149
1.51489
1.51488
1.51487
1.51486
1.51485
1.51485
1.51484
1.51483
1.51482
1.51481
1.51481
1.5148
1.51479
1.51478
1.51477
1.51477
1.51476
1.51475
1.51474
1.51473
1.51473
1.51472
1.51471
1.5147
1.51469
1.51469
1.51468
1.51467
1.51466
1.51465
1.51465
1.51464
1.51463
1.51462
1.51461
1.5146
1.5146
1.51459
1.51458
1.51457
1.51456
1.51456
1.51455
1.51454
1.51453
1.51452
1.51452
1.51451
1.5145
1.51449
1.51448
1.51448
1.51447
1.51446
1.51445
1.51444
1.51444
1.51443
1.51442
1.51441
1.5144
1.5144
1.51439
1.51438
1.51437
1.51436
1.51435
1.51435
1.51434
1.51433
1.51432
1.51431
1.51431
1.5143
1.51429
1.51428
1.51427
1.51427
1.51426
1.51425
1.51424
1.51423
1.51423
1.51422
1.51421
1.5142
1.51419
1.51419
1.51418
1.51417
1.51416
1.51415
1.51415
1.51414
1.51413
1.51412
1.51411
1.5141
1.5141
1.51409
1.51408
1.51407
1.51406
1.51406
1.51405
1.51404
1.51403
1.51402
1.51402
1.51401
1.514
1.51399
1.51398
1.51398
1.51397
1.51396
1.51395
1.51394
1.51394
1.51393
1.51392
1.51391
1.5139
1.5139
1.51389
1.51388
1.51387
1.51386
1.51385
1.51385
1.51384
1.51383
1.51382
1.51381
1.51381
1.5138
1.51379
1.51378
1.51377
1.51377
1.51376
1.51375
1.51374
1.51373
1.51373
1.51372
1.51371
1.5137
1.51369
1.51369
1.51368
1.51367
1.51366
1.51365
1.51365
1.51364
1.51363
1.51362
1.51361
1.5136
1.5136
1.51359
1.51358
1.51357
1.51356
1.51356
1.51355
1.51354
1.51353
1.51352
1.51352
1.51351
1.5135
1.51349
1.51348
1.51348
1.51347
1.51346
1.51345
1.51344
1.51344
1.51343
1.51342
1.51341
1.5134
1.5134
1.51339
1.51338
1.51337
1.51336
1.51335
1.51335
1.51334
1.51333
1.51332
1.51331
1.51331
1.5133
1.51329
1.51328
1.51327
1.51327
1.51326
1.51325
1.51324
1.51323
1.51323
1.51322
1.51321
1.5132
1.51319
1.51319
1.51318
1.51317
1.51316
1.51315
1.51315
1.51314
1.51313
1.51312
1.51311
1.5131
1.5131
1.51309
1.51308
1.51307
1.51306
1.51306
1.51305
1.51304
1.51303
1.51302
1.51302
1.51301
1.513
1.51299
1.51298
1.51298
1.51297
1.51296
1.51295
1.51294
1.51294
1.51293
1.51292
1.51291
1.5129
1.5129
1.51289
1.51288
1.51287
1.51286
1.51285
1.51285
1.51284
1.51283
1.51282
1.51281
1.51281
1.5128
1.51279
1.51278
1.51277
1.51277
1.51276
1.51275
1.51274
1.51273
1.51273
1.51272
1.51271
1.5127
1.51269
1.51269
1.51268
1.51267
1.51266
1.51265
1.51265
1.51264
1.51263
1.51262
1.51261
1.5126
1.5126
1.51259
1.51258
1.51257
1.51256
1.51256
1.51255
1.51254
1.51253
1.51252
1.51252
1.51251
1.5125
1.51249
1.51248
1.51248
1.51247
1.51246
1.51245
1.51244
1.51244
1.51243
1.51242
1.51241
1.5124
1.5124
1.51239
1.51238
1.51237
1.51236
1.51235
1.51235
1.51234
1.51233
1.51232
1.51231
1.51231
1.5123
1.51229
1.51228
1.51227
1.51227
1.51226
1.51225
1.51224
1.51223
1.51223
1.51222
1.51221
1.5122
1.51219
1.51219
1.51218
1.51217
1.51216
1.51215
1.51215
1.51214
1.51213
1.51212
1.51211
1.5121
1.5121
1.51209
1.51208
1.51207
1.51206
1.51206
1.51205
1.51204
1.51203
1.51202
1.51202
1.51201
1.512
1.51199
1.51198
1.51198
1.51197
1.51196
1.51195
1.51194
1.51194
1.51193
1.51192
1.51191
1.5119
1.5119
1.51189
1.51188
1.51187
1.51186
1.51185
1.51185
1.51184
1.51183
1.51182
1.51181
1.51181
1.5118
1.51179
1.51178
1.51177
1.51177
1.51176
1.51175
1.51174
1.51173
1.51173
1.51172
1.51171
1.5117
1.51169
1.51169
1.51168
1.51167
1.51166
1.51165
1.51165
1.51164
1.51163
1.51162
1.51161
1.5116
1.5116
1.51159
1.51158
1.51157
1.51156
1.51156
1.51155
1.51154
1.51153
1.51152
1.51152
1.51151
1.5115
1.51149
1.51148
1.51148
1.51147
1.51146
1.51145
1.51144
1.51144
1.51143
1.51142
1.51141
1.5114
1.5114
1.51139
1.51138
1.51137
1.51136
1.51135
1.51135
1.51134
1.51133
1.51132
1.51131
1.51131
1.5113
1.51129
1.51128
1.51127
1.51127
1.51126
1.51125
1.51124
1.51123
1.51123
1.51122
1.51121
1.5112
1.51119
1.51119
1.51118
1.51117
1.51116
1.51115
1.51115
1.51114
1.51113
1.51112
1.51111
1.5111
1.5111
1.51109
1.51108
1.51107
1.51106
1.51106
1.51105
1.51104
1.51103
1.51102
1.51102
1.51101
1.511
1.51099
1.51098
1.51098
1.51097
1.51096
1.51095
1.51094
1.51094
1.51093
1.51092
1.51091
1.5109
1.5109
1.51089
1.51088
1.51087
1.51086
1.51085
1.51085
1.51084
1.51083
1.51082
1.51081
1.51081
1.5108
1.51079
1.51078
1.51077
1.51077
1.51076
1.51075
1.51074
1.51073
1.51073
1.51072
1.51071
1.5107
1.51069
1.51069
1.51068
1.51067
1.51066
1.51065
1.51065
1.51064
1.51063
1.51062
1.51061
1.5106
1.5106
1.51059
1.51058
1.51057
1.51056
1.51056
1.51055
1.51054
1.51053
1.51052
1.51052
1.51051
1.5105
1.51049
1.51048
1.51048
1.51047
1.51046
1.51045
1.51044
1.51044
1.51043
1.51042
1.51041
1.5104
1.5104
1.51039
1.51038
1.51037
1.51036
1.51035
1.51035
1.51034
1.51033
1.51032
1.51031
1.51031
1.5103
1.51029
1.51028
1.51027
1.51027
1.51026
1.51025
1.51024
1.51023
1.51023
1.51022
1.51021
1.5102
1.51019
1.51019
1.51018
1.51017
1.51016
1.51015
1.51015
1.51014
1.51013
1.51012
1.51011
1.5101
1.5101
1.51009
1.51008
1.51007
1.51006
1.51006
1.51005
1.51004
1.51003
1.51002
1.51002
1.51001
1.51
1.50999
1.50998
1.50998
1.50997
1.50996
1.50995
1.50994
1.50994
1.50993
1.50992
1.50991
1.5099
1.5099
1.50989
1.50988
1.50987
1.50986
1.50985
1.50985
1.50984
1.50983
1.50982
1.50981
1.50981
1.5098
1.50979
1.50978
1.50977
1.50977
1.50976
1.50975
1.50974
1.50973
1.50973
1.50972
1.50971
1.5097
1.50969
1.50969
1.50968
1.50967
1.50966
1.50965
1.50965
1.50964
1.50963
1.50962
1.50961
1.5096
1.5096
1.50959
1.50958
1.50957
1.50956
1.50956
1.50955
1.50954
1.50953
1.50952
1.50952
1.50951
1.5095
1.50949
1.50948
1.50948
1.50947
1.50946
1.50945
1.50944
1.50944
1.50943
1.50942
1.50941
1.5094
1.5094
1.50939
1.50938
1.50937
1.50936
1.50935
1.50935
1.50934
1.50933
1.50932
1.50931
1.50931
1.5093
1.50929
1.50928
1.50927
1.50927
1.50926
1.50925
1.50924
1.50923
1.50923
1.50922
1.50921
1.5092
1.50919
1.50919
1.50918
1.50917
1.50916
1.50915
1.50915
1.50914
1.50913
1.50912
1.50911
1.5091
1.5091
1.50909
1.50908
1.50907
1.50906
1.50906
1.50905
1.50904
1.50903
1.50902
1.50902
1.50901
1.509
1.50899
1.50898
1.50898
1.50897
1.50896
1.50895
1.50894
1.50894
1.50893
1.50892
1.50891
1.5089
1.5089
1.50889
1.50888
1.50887
1.50886
1.50885
1.50885
1.50884
1.50883
1.50882
1.50881
1.50881
1.5088
1.50879
1.50878
1.50877
1.50877
1.50876
1.50875
1.50874
1.50873
1.50873
1.50872
1.50871
1.5087
1.50869
1.50869
1.50868
1.50867
1.50866
1.50865
1.50865
1.50864
1.50863
1.50862
1.50861
1.5086
1.5086
1.50859
1.50858
1.50857
1.50856
1.50856
1.50855
1.50854
1.50853
1.50852
1.50852
1.50851
1.5085
1.50849
1.50848
1.50848
1.50847
1.50846
1.50845
1.50844
1.50844
1.50843
1.50842
1.50841
1.5084
1.5084
1.50839
1.50838
1.50837
1.50836
1.50835
1.50835
1.50834
1.50833
1.50832
1.50831
1.50831
1.5083
1.50829
1.50828
1.50827
1.50827
1.50826
1.50825
1.50824
1.50823
1.50823
1.50822
1.50821
1.5082
1.50819
1.50819
1.50818
1.50817
1.50816
1.50815
1.50815
1.50814
1.50813
1.50812
1.50811
1.5081
1.5081
1.50809
1.50808
1.50807
1.50806
1.50806
1.50805
1.50804
1.50803
1.50802
1.50802
1.50801
1.508
1.50799
1.50798
1.50798
1.50797
1.50796
1.50795
1.50794
1.50794
1.50793
1.50792
1.50791
1.5079
1.5079
1.50789
1.50788
1.50787
1.50786
1.50785
1.50785
1.50784
1.50783
1.50782
1.50781
1.50781
1.5078
1.50779
1.50778
1.50777
1.50777
1.50776
1.50775
1.50774
1.50773
1.50773
1.50772
1.50771
1.5077
1.50769
1.50769
1.50768
1.50767
1.50766
1.50765
1.50765
1.50764
1.50763
1.50762
1.50761
1.5076
1.5076
1.50759
1.50758
1.50757
1.50756
1.50756
1.50755
1.50754
1.50753
1.50752
1.50752
1.50751
1.5075
1.50749
1.50748
1.50748
1.50747
1.50746
1.50745
1.50744
1.50744
1.50743
1.50742
1.50741
1.5074
1.5074
1.50739
1.50738
1.50737
1.50736
1.50735
1.50735
1.50734
1.50733
1.50732
1.50731
1.50731
1.5073
1.50729
1.50728
1.50727
1.50727
1.50726
1.50725
1.50724
1.50723
1.50723
1.50722
1.50721
1.5072
1.50719
1.50719
1.50718
1.50717
1.50716
1.50715
1.50715
1.50714
1.50713
1.50712
1.50711
1.5071
1.5071
1.50709
1.50708
1.50707
1.50706
1.50706
1.50705
1.50704
1.50703
1.50702
1.50702
1.50701
1.507
1.50699
1.50698
1.50698
1.50697
1.50696
1.50695
1.50694
1.50694
1.50693
1.50692
1.50691
1.5069
1.5069
1.50689
1.50688
1.50687
1.50686
1.50685
1.50685
1.50684
1.50683
1.50682
1.50681
1.50681
1.5068
1.50679
1.50678
1.50677
1.50677
1.50676
1.50675
1.50674
1.50673
1.50673
1.50672
1.50671
1.5067
1.50669
1.50669
1.50668
1.50667
1.50666
1.50665
1.50665
1.50664
1.50663
1.50662
1.50661
1.5066
1.5066
1.50659
1.50658
1.50657
1.50656
1.50656
1.50655
1.50654
1.50653
1.50652
1.50652
1.50651
1.5065
1.50649
1.50648
1.50648
1.50647
1.50646
1.50645
1.50644
1.50644
1.50643
1.50642
1.50641
1.5064
1.5064
1.50639
1.50638
1.50637
1.50636
1.50635
1.50635
1.50634
1.50633
1.50632
1.50631
1.50631
1.5063
1.50629
1.50628
1.50627
1.50627
1.50626
1.50625
1.50624
1.50623
1.50623
1.50622
1.50621
1.5062
1.50619
1.50619
1.50618
1.50617
1.50616
1.50615
1.50615
1.50614
1.50613
1.50612
1.50611
1.5061
1.5061
1.50609
1.50608
1.50607
1.50606
1.50606
1.50605
1.50604
1.50603
1.50602
1.50602
1.50601
1.506
1.50599
1.50598
1.50598
1.50597
1.50596
1.50595
1.50594
1.50594
1.50593
1.50592
1.50591
1.5059
1.5059
1.50589
1.50588
1.50587
1.50586
1.50585
1.50585
1.50584
1.50583
1.50582
1.50581
1.50581
1.5058
1.50579
1.50578
1.50577
1.50577
1.50576
1.50575
1.50574
1.50573
1.50573
1.50572
1.50571
1.5057
1.50569
1.50569
1.50568
1.50567
1.50566
1.50565
1.50565
1.50564
1.50563
1.50562
1.50561
1.5056
1.5056
1.50559
1.50558
1.50557
1.50556
1.50556
1.50555
1.50554
1.50553
1.50552
1.50552
1.50551
1.5055
1.50549
1.50548
1.50548
1.50547
1.50546
1.50545
1.50544
1.50544
1.50543
1.50542
1.50541
1.5054
1.5054
1.50539
1.50538
1.50537
1.50536
1.50535
1.50535
1.50534
1.50533
1.50532
1.50531
1.50531
1.5053
1.50529
1.50528
1.50527
1.50527
1.50526
1.50525
1.50524
1.50523
1.50523
1.50522
1.50521
1.5052
1.50519
1.50519
1.50518
1.50517
1.50516
1.50515
1.50515
1.50514
1.50513
1.50512
1.50511
1.5051
1.5051
1.50509
1.50508
1.50507
1.50506
1.50506
1.50505
1.50504
1.50503
1.50502
1.50502
1.50501
1.505
1.50499
1.50498
1.50498
1.50497
1.50496
1.50495
1.50494
1.50494
1.50493
1.50492
1.50491
1.5049
1.5049
1.50489
1.50488
1.50487
1.50486
1.50485
1.50485
1.50484
1.50483
1.50482
1.50481
1.50481
1.5048
1.50479
1.50478
1.50477
1.50477
1.50476
1.50475
1.50474
1.50473
1.50473
1.50472
1.50471
1.5047
1.50469
1.50469
1.50468
1.50467
1.50466
1.50465
1.50465
1.50464
1.50463
1.50462
1.50461
1.5046
1.5046
1.50459
1.50458
1.50457
1.50456
1.50456
1.50455
1.50454
1.50453
1.50452
1.50452
1.50451
1.5045
1.50449
1.50448
1.50448
1.50447
1.50446
1.50445
1.50444
1.50444
1.50443
1.50442
1.50441
1.5044
1.5044
1.50439
1.50438
1.50437
1.50436
1.50435
1.50435
1.50434
1.50433
1.50432
1.50431
1.50431
1.5043
1.50429
1.50428
1.50427
1.50427
1.50426
1.50425
1.50424
1.50423
1.50423
1.50422
1.50421
1.5042
1.50419
1.50419
1.50418
1.50417
1.50416
1.50415
1.50415
1.50414
1.50413
1.50412
1.50411
1.5041
1.5041
1.50409
1.50408
1.50407
1.50406
1.50406
1.50405
1.50404
1.50403
1.50402
1.50402
1.50401
1.504
1.50399
1.50398
1.50398
1.50397
1.50396
1.50395
1.50394
1.50394
1.50393
1.50392
1.50391
1.5039
1.5039
1.50389
1.50388
1.50387
1.50386
1.50385
1.50385
1.50384
1.50383
1.50382
1.50381
1.50381
1.5038
1.50379
1.50378
1.50377
1.50377
1.50376
1.50375
1.50374
1.50373
1.50373
1.50372
1.50371
1.5037
1.50369
1.50369
1.50368
1.50367
1.50366
1.50365
1.50365
1.50364
1.50363
1.50362
1.50361
1.5036
1.5036
1.50359
1.50358
1.50357
1.50356
1.50356
1.50355
1.50354
1.50353
1.50352
1.50352
1.50351
1.5035
1.50349
1.50348
1.50348
1.50347
1.50346
1.50345
1.50344
1.50344
1.50343
1.50342
1.50341
1.5034
1.5034
1.50339
1.50338
1.50337
1.50336
1.50335
1.50335
1.50334
1.50333
1.50332
1.50331
1.50331
1.5033
1.50329
1.50328
1.50327
1.50327
1.50326
1.50325
1.50324
1.50323
1.50323
1.50322
1.50321
1.5032
1.50319
1.50319
1.50318
1.50317
1.50316
1.50315
1.50315
1.50314
1.50313
1.50312
1.50311
1.5031
1.5031
1.50309
1.50308
1.50307
1.50306
1.50306
1.50305
1.50304
1.50303
1.50302
1.50302
1.50301
1.503
1.50299
1.50298
1.50298
1.50297
1.50296
1.50295
1.50294
1.50294
1.50293
1.50292
1.50291
1.5029
1.5029
1.50289
1.50288
1.50287
1.50286
1.50285
1.50285
1.50284
1.50283
1.50282
1.50281
1.50281
1.5028
1.50279
1.50278
1.50277
1.50277
1.50276
1.50275
1.50274
1.50273
1.50273
1.50272
1.50271
1.5027
1.50269
1.50269
1.50268
1.50267
1.50266
1.50265
1.50265
1.50264
1.50263
1.50262
1.50261
1.5026
1.5026
1.50259
1.50258
1.50257
1.50256
1.50256
1.50255
1.50254
1.50253
1.50252
1.50252
1.50251
1.5025
1.50249
1.50248
1.50248
1.50247
1.50246
1.50245
1.50244
1.50244
1.50243
1.50242
1.50241
1.5024
1.5024
1.50239
1.50238
1.50237
1.50236
1.50235
1.50235
1.50234
1.50233
1.50232
1.50231
1.50231
1.5023
1.50229
1.50228
1.50227
1.50227
1.50226
1.50225
1.50224
1.50223
1.50223
1.50222
1.50221
1.5022
1.50219
1.50219
1.50218
1.50217
1.50216
1.50215
1.50215
1.50214
1.50213
1.50212
1.50211
1.5021
1.5021
1.50209
1.50208
1.50207
1.50206
1.50206
1.50205
1.50204
1.50203
1.50202
1.50202
1.50201
1.502
1.50199
1.50198
1.50198
1.50197
1.50196
1.50195
1.50194
1.50194
1.50193
1.50192
1.50191
1.5019
1.5019
1.50189
1.50188
1.50187
1.50186
1.50185
1.50185
1.50184
1.50183
1.50182
1.50181
1.50181
1.5018
1.50179
1.50178
1.50177
1.50177
1.50176
1.50175
1.50174
1.50173
1.50173
1.50172
1.50171
1.5017
1.50169
1.50169
1.50168
1.50167
1.50166
1.50165
1.50165
1.50164
1.50163
1.50162
1.50161
1.5016
1.5016
1.50159
1.50158
1.50157
1.50156
1.50156
1.50155
1.50154
1.50153
1.50152
1.50152
1.50151
1.5015
1.50149
1.50148
1.50148
1.50147
1.50146
1.50145
1.50144
1.50144
1.50143
1.50142
1.50141
1.5014
1.5014
1.50139
1.50138
1.50137
1.50136
1.50135
1.50135
1.50134
1.50133
1.50132
1.50131
1.50131
1.5013
1.50129
1.50128
1.50127
1.50127
1.50126
1.50125
1.50124
1.50123
1.50123
1.50122
1.50121
1.5012
1.50119
1.50119
1.50118
1.50117
1.50116
1.50115
1.50115
1.50114
1.50113
1.50112
1.50111
1.5011
1.5011
1.50109
1.50108
1.50107
1.50106
1.50106
1.50105
1.50104
1.50103
1.50102
1.50102
1.50101
1.501
1.50099
1.50098
1.50098
1.50097
1.50096
1.50095
1.50094
1.50094
1.50093
1.50092
1.50091
1.5009
1.5009
1.50089
1.50088
1.50087
1.50086
1.50085
1.50085
1.50084
1.50083
1.50082
1.50081
1.50081
1.5008
1.50079
1.50078
1.50077
1.50077
1.50076
1.50075
1.50074
1.50073
1.50073
1.50072
1.50071
1.5007
1.50069
1.50069
1.50068
1.50067
1.50066
1.50065
1.50065
1.50064
1.50063
1.50062
1.50061
1.5006
1.5006
1.50059
1.50058
1.50057
1.50056
1.50056
1.50055
1.50054
1.50053
1.50052
1.50052
1.50051
1.5005
1.50049
1.50048
1.50048
1.50047
1.50046
1.50045
1.50044
1.50044
1.50043
1.50042
1.50041
1.5004
1.5004
1.50039
1.50038
1.50037
1.50036
1.50035
1.50035
1.50034
1.50033
1.50032
1.50031
1.50031
1.5003
1.50029
1.50028
1.50027
1.50027
1.50026
1.50025
1.50024
1.50023
1.50023
1.50022
1.50021
1.5002
1.50019
1.50019
1.50018
1.50017
1.50016
1.50015
1.50015
1.50014
1.50013
1.50012
1.50011
1.5001
1.5001
1.50009
1.50008
1.50007
1.50006
1.50006
1.50005
1.50004
1.50003
1.50002
1.50002
1.50001
1.5
1.49999
1.49998
1.49998
1.49997
1.49996
1.49995
1.49994
1.49994
1.49993
1.49992
1.49991
1.4999
1.4999
1.49989
1.49988
1.49987
1.49986
1.49985
1.49985
1.49984
1.49983
1.49982
1.49981
1.49981
1.4998
1.49979
1.49978
1.49977
1.49977
1.49976
1.49975
1.49974
1.49973
1.49973
1.49972
1.49971
1.4997
1.49969
1.49969
1.49968
1.49967
1.49966
1.49965
1.49965
1.49964
1.49963
1.49962
1.49961
1.4996
1.4996
1.49959
1.49958
1.49957
1.49956
1.49956
1.49955
1.49954
1.49953
1.49952
1.49952
1.49951
1.4995
1.49949
1.49948
1.49948
1.49947
1.49946
1.49945
1.49944
1.49944
1.49943
1.49942
1.49941
1.4994
1.4994
1.49939
1.49938
1.49937
1.49936
1.49935
1.49935
1.49934
1.49933
1.49932
1.49931
1.49931
1.4993
1.49929
1.49928
1.49927
1.49927
1.49926
1.49925
1.49924
1.49923
1.49923
1.49922
1.49921
1.4992
1.49919
1.49919
1.49918
1.49917
1.49916
1.49915
1.49915
1.49914
1.49913
1.49912
1.49911
1.4991
1.4991
1.49909
1.49908
1.49907
1.49906
1.49906
1.49905
1.49904
1.49903
1.49902
1.49902
1.49901
1.499
1.49899
1.49898
1.49898
1.49897
1.49896
1.49895
1.49894
1.49894
1.49893
1.49892
1.49891
1.4989
1.4989
1.49889
1.49888
1.49887
1.49886
1.49885
1.49885
1.49884
1.49883
1.49882
1.49881
1.49881
1.4988
1.49879
1.49878
1.49877
1.49877
1.49876
1.49875
1.49874
1.49873
1.49873
1.49872
1.49871
1.4987
1.49869
1.49869
1.49868
1.49867
1.49866
1.49865
1.49865
1.49864
1.49863
1.49862
1.49861
1.4986
1.4986
1.49859
1.49858
1.49857
1.49856
1.49856
1.49855
1.49854
1.49853
1.49852
1.49852
1.49851
1.4985
1.49849
1.49848
1.49848
1.49847
1.49846
1.49845
1.49844
1.49844
1.49843
1.49842
1.49841
1.4984
1.4984
1.49839
1.49838
1.49837
1.49836
1.49835
1.49835
1.49834
1.49833
1.49832
1.49831
1.49831
1.4983
1.49829
1.49828
1.49827
1.49827
1.49826
1.49825
1.49824
1.49823
1.49823
1.49822
1.49821
1.4982
1.49819
1.49819
1.49818
1.49817
1.49816
1.49815
1.49815
1.49814
1.49813
1.49812
1.49811
1.4981
1.4981
1.49809
1.49808
1.49807
1.49806
1.49806
1.49805
1.49804
1.49803
1.49802
1.49802
1.49801
1.498
1.49799
1.49798
1.49798
1.49797
1.49796
1.49795
1.49794
1.49794
1.49793
1.49792
1.49791
1.4979
1.4979
1.49789
1.49788
1.49787
1.49786
1.49785
1.49785
1.49784
1.49783
1.49782
1.49781
1.49781
1.4978
1.49779
1.49778
1.49777
1.49777
1.49776
1.49775
1.49774
1.49773
1.49773
1.49772
1.49771
1.4977
1.49769
1.49769
1.49768
1.49767
1.49766
1.49765
1.49765
1.49764
1.49763
1.49762
1.49761
1.4976
1.4976
1.49759
1.49758
1.49757
1.49756
1.49756
1.49755
1.49754
1.49753
1.49752
1.49752
1.49751
1.4975
1.49749
1.49748
1.49748
1.49747
1.49746
1.49745
1.49744
1.49744
1.49743
1.49742
1.49741
1.4974
1.4974
1.49739
1.49738
1.49737
1.49736
1.49735
1.49735
1.49734
1.49733
1.49732
1.49731
1.49731
1.4973
1.49729
1.49728
1.49727
1.49727
1.49726
1.49725
1.49724
1.49723
1.49723
1.49722
1.49721
1.4972
1.49719
1.49719
1.49718
1.49717
1.49716
1.49715
1.49715
1.49714
1.49713
1.49712
1.49711
1.4971
1.4971
1.49709
1.49708
1.49707
1.49706
1.49706
1.49705
1.49704
1.49703
1.49702
1.49702
1.49701
1.497
1.49699
1.49698
1.49698
1.49697
1.49696
1.49695
1.49694
1.49694
1.49693
1.49692
1.49691
1.4969
1.4969
1.49689
1.49688
1.49687
1.49686
1.49685
1.49685
1.49684
1.49683
1.49682
1.49681
1.49681
1.4968
1.49679
1.49678
1.49677
1.49677
1.49676
1.49675
1.49674
1.49673
1.49673
1.49672
1.49671
1.4967
1.49669
1.49669
1.49668
1.49667
1.49666
1.49665
1.49665
1.49664
1.49663
1.49662
1.49661
1.4966
1.4966
1.49659
1.49658
1.49657
1.49656
1.49656
1.49655
1.49654
1.49653
1.49652
1.49652
1.49651
1.4965
1.49649
1.49648
1.49648
1.49647
1.49646
1.49645
1.49644
1.49644
1.49643
1.49642
1.49641
1.4964
1.4964
1.49639
1.49638
1.49637
1.49636
1.49635
1.49635
1.49634
1.49633
1.49632
1.49631
1.49631
1.4963
1.49629
1.49628
1.49627
1.49627
1.49626
1.49625
1.49624
1.49623
1.49623
1.49622
1.49621
1.4962
1.49619
1.49619
1.49618
1.49617
1.49616
1.49615
1.49615
1.49614
1.49613
1.49612
1.49611
1.4961
1.4961
1.49609
1.49608
1.49607
1.49606
1.49606
1.49605
1.49604
1.49603
1.49602
1.49602
1.49601
1.496
1.49599
1.49598
1.49598
1.49597
1.49596
1.49595
1.49594
1.49594
1.49593
1.49592
1.49591
1.4959
1.4959
1.49589
1.49588
1.49587
1.49586
1.49585
1.49585
1.49584
1.49583
1.49582
1.49581
1.49581
1.4958
1.49579
1.49578
1.49577
1.49577
1.49576
1.49575
1.49574
1.49573
1.49573
1.49572
1.49571
1.4957
1.49569
1.49569
1.49568
1.49567
1.49566
1.49565
1.49565
1.49564
1.49563
1.49562
1.49561
1.4956
1.4956
1.49559
1.49558
1.49557
1.49556
1.49556
1.49555
1.49554
1.49553
1.49552
1.49552
1.49551
1.4955
1.49549
1.49548
1.49548
1.49547
1.49546
1.49545
1.49544
1.49544
1.49543
1.49542
1.49541
1.4954
1.4954
1.49539
1.49538
1.49537
1.49536
1.49535
1.49535
1.49534
1.49533
1.49532
1.49531
1.49531
1.4953
1.49529
1.49528
1.49527
1.49527
1.49526
1.49525
1.49524
1.49523
1.49523
1.49522
1.49521
1.4952
1.49519
1.49519
1.49518
1.49517
1.49516
1.49515
1.49515
1.49514
1.49513
1.49512
1.49511
1.4951
1.4951
1.49509
1.49508
1.49507
1.49506
1.49506
1.49505
1.49504
1.49503
1.49502
1.49502
1.49501
1.495
1.49499
1.49498
1.49498
1.49497
1.49496
1.49495
1.49494
1.49494
1.49493
1.49492
1.49491
1.4949
1.4949
1.49489
1.49488
1.49487
1.49486
1.49485
1.49485
1.49484
1.49483
1.49482
1.49481
1.49481
1.4948
1.49479
1.49478
1.49477
1.49477
1.49476
1.49475
1.49474
1.49473
1.49473
1.49472
1.49471
1.4947
1.49469
1.49469
1.49468
1.49467
1.49466
1.49465
1.49465
1.49464
1.49463
1.49462
1.49461
1.4946
1.4946
1.49459
1.49458
1.49457
1.49456
1.49456
1.49455
1.49454
1.49453
1.49452
1.49452
1.49451
1.4945
1.49449
1.49448
1.49448
1.49447
1.49446
1.49445
1.49444
1.49444
1.49443
1.49442
1.49441
1.4944
1.4944
1.49439
1.49438
1.49437
1.49436
1.49435
1.49435
1.49434
1.49433
1.49432
1.49431
1.49431
1.4943
1.49429
1.49428
1.49427
1.49427
1.49426
1.49425
1.49424
1.49423
1.49423
1.49422
1.49421
1.4942
1.49419
1.49419
1.49418
1.49417
1.49416
1.49415
1.49415
1.49414
1.49413
1.49412
1.49411
1.4941
1.4941
1.49409
1.49408
1.49407
1.49406
1.49406
1.49405
1.49404
1.49403
1.49402
1.49402
1.49401
1.494
1.49399
1.49398
1.49398
1.49397
1.49396
1.49395
1.49394
1.49394
1.49393
1.49392
1.49391
1.4939
1.4939
1.49389
1.49388
1.49387
1.49386
1.49385
1.49385
1.49384
1.49383
1.49382
1.49381
1.49381
1.4938
1.49379
1.49378
1.49377
1.49377
1.49376
1.49375
1.49374
1.49373
1.49373
1.49372
1.49371
1.4937
1.49369
1.49369
1.49368
1.49367
1.49366
1.49365
1.49365
1.49364
1.49363
1.49362
1.49361
1.4936
1.4936
1.49359
1.49358
1.49357
1.49356
1.49356
1.49355
1.49354
1.49353
1.49352
1.49352
1.49351
1.4935
1.49349
1.49348
1.49348
1.49347
1.49346
1.49345
1.49344
1.49344
1.49343
1.49342
1.49341
1.4934
1.4934
1.49339
1.49338
1.49337
1.49336
1.49335
1.49335
1.49334
1.49333
1.49332
1.49331
1.49331
1.4933
1.49329
1.49328
1.49327
1.49327
1.49326
1.49325
1.49324
1.49323
1.49323
1.49322
1.49321
1.4932
1.49319
1.49319
1.49318
1.49317
1.49316
1.49315
1.49315
1.49314
1.49313
1.49312
1.49311
1.4931
1.4931
1.49309
1.49308
1.49307
1.49306
1.49306
1.49305
1.49304
1.49303
1.49302
1.49302
1.49301
1.493
1.49299
1.49298
1.49298
1.49297
1.49296
1.49295
1.49294
1.49294
1.49293
1.49292
1.49291
1.4929
1.4929
1.49289
1.49288
1.49287
1.49286
1.49285
1.49285
1.49284
1.49283
1.49282
1.49281
1.49281
1.4928
1.49279
1.49278
1.49277
1.49277
1.49276
1.49275
1.49274
1.49273
1.49273
1.49272
1.49271
1.4927
1.49269
1.49269
1.49268
1.49267
1.49266
1.49265
1.49265
1.49264
1.49263
1.49262
1.49261
1.4926
1.4926
1.49259
1.49258
1.49257
1.49256
1.49256
1.49255
1.49254
1.49253
1.49252
1.49252
1.49251
1.4925
1.49249
1.49248
1.49248
1.49247
1.49246
1.49245
1.49244
1.49244
1.49243
1.49242
1.49241
1.4924
1.4924
1.49239
1.49238
1.49237
1.49236
1.49235
1.49235
1.49234
1.49233
1.49232
1.49231
1.49231
1.4923
1.49229
1.49228
1.49227
1.49227
1.49226
1.49225
1.49224
1.49223
1.49223
1.49222
1.49221
1.4922
1.49219
1.49219
1.49218
1.49217
1.49216
1.49215
1.49215
1.49214
1.49213
1.49212
1.49211
1.4921
1.4921
1.49209
1.49208
1.49207
1.49206
1.49206
1.49205
1.49204
1.49203
1.49202
1.49202
1.49201
1.492
1.49199
1.49198
1.49198
1.49197
1.49196
1.49195
1.49194
1.49194
1.49193
1.49192
1.49191
1.4919
1.4919
1.49189
1.49188
1.49187
1.49186
1.49185
1.49185
1.49184
1.49183
1.49182
1.49181
1.49181
1.4918
1.49179
1.49178
1.49177
1.49177
1.49176
1.49175
1.49174
1.49173
1.49173
1.49172
1.49171
1.4917
1.49169
1.49169
1.49168
1.49167
1.49166
1.49165
1.49165
1.49164
1.49163
1.49162
1.49161
1.4916
1.4916
1.49159
1.49158
1.49157
1.49156
1.49156
1.49155
1.49154
1.49153
1.49152
1.49152
1.49151
1.4915
1.49149
1.49148
1.49148
1.49147
1.49146
1.49145
1.49144
1.49144
1.49143
1.49142
1.49141
1.4914
1.4914
1.49139
1.49138
1.49137
1.49136
1.49135
1.49135
1.49134
1.49133
1.49132
1.49131
1.49131
1.4913
1.49129
1.49128
1.49127
1.49127
1.49126
1.49125
1.49124
1.49123
1.49123
1.49122
1.49121
1.4912
1.49119
1.49119
1.49118
1.49117
1.49116
1.49115
1.49115
1.49114
1.49113
1.49112
1.49111
1.4911
1.4911
1.49109
1.49108
1.49107
1.49106
1.49106
1.49105
1.49104
1.49103
1.49102
1.49102
1.49101
1.491
1.49099
1.49098
1.49098
1.49097
1.49096
1.49095
1.49094
1.49094
1.49093
1.49092
1.49091
1.4909
1.4909
1.49089
1.49088
1.49087
1.49086
1.49085
1.49085
1.49084
1.49083
1.49082
1.49081
1.49081
1.4908
1.49079
1.49078
1.49077
1.49077
1.49076
1.49075
1.49074
1.49073
1.49073
1.49072
1.49071
1.4907
1.49069
1.49069
1.49068
1.49067
1.49066
1.49065
1.49065
1.49064
1.49063
1.49062
1.49061
1.4906
1.4906
1.49059
1.49058
1.49057
1.49056
1.49056
1.49055
1.49054
1.49053
1.49052
1.49052
1.49051
1.4905
1.49049
1.49048
1.49048
1.49047
1.49046
1.49045
1.49044
1.49044
1.49043
1.49042
1.49041
1.4904
1.4904
1.49039
1.49038
1.49037
1.49036
1.49035
1.49035
1.49034
1.49033
1.49032
1.49031
1.49031
1.4903
1.49029
1.49028
1.49027
1.49027
1.49026
1.49025
1.49024
1.49023
1.49023
1.49022
1.49021
1.4902
1.49019
1.49019
1.49018
1.49017
1.49016
1.49015
1.49015
1.49014
1.49013
1.49012
1.49011
1.4901
1.4901
1.49009
1.49008
1.49007
1.49006
1.49006
1.49005
1.49004
1.49003
1.49002
1.49002
1.49001
1.49
1.48999
1.48998
1.48998
1.48997
1.48996
1.48995
1.48994
1.48994
1.48993
1.48992
1.48991
1.4899
1.4899
1.48989
1.48988
1.48987
1.48986
1.48985
1.48985
1.48984
1.48983
1.48982
1.48981
1.48981
1.4898
1.48979
1.48978
1.48977
1.48977
1.48976
1.48975
1.48974
1.48973
1.48973
1.48972
1.48971
1.4897
1.48969
1.48969
1.48968
1.48967
1.48966
1.48965
1.48965
1.48964
1.48963
1.48962
1.48961
1.4896
1.4896
1.48959
1.48958
1.48957
1.48956
1.48956
1.48955
1.48954
1.48953
1.48952
1.48952
1.48951
1.4895
1.48949
1.48948
1.48948
1.48947
1.48946
1.48945
1.48944
1.48944
1.48943
1.48942
1.48941
1.4894
1.4894
1.48939
1.48938
1.48937
1.48936
1.48935
1.48935
1.48934
1.48933
1.48932
1.48931
1.48931
1.4893
1.48929
1.48928
1.48927
1.48927
1.48926
1.48925
1.48924
1.48923
1.48923
1.48922
1.48921
1.4892
1.48919
1.48919
1.48918
1.48917
1.48916
1.48915
1.48915
1.48914
1.48913
1.48912
1.48911
1.4891
1.4891
1.48909
1.48908
1.48907
1.48906
1.48906
1.48905
1.48904
1.48903
1.48902
1.48902
1.48901
1.489
1.48899
1.48898
1.48898
1.48897
1.48896
1.48895
1.48894
1.48894
1.48893
1.48892
1.48891
1.4889
1.4889
1.48889
1.48888
1.48887
1.48886
1.48885
1.48885
1.48884
1.48883
1.48882
1.48881
1.48881
1.4888
1.48879
1.48878
1.48877
1.48877
1.48876
1.48875
1.48874
1.48873
1.48873
1.48872
1.48871
1.4887
1.48869
1.48869
1.48868
1.48867
1.48866
1.48865
1.48865
1.48864
1.48863
1.48862
1.48861
1.4886
1.4886
1.48859
1.48858
1.48857
1.48856
1.48856
1.48855
1.48854
1.48853
1.48852
1.48852
1.48851
1.4885
1.48849
1.48848
1.48848
1.48847
1.48846
1.48845
1.48844
1.48844
1.48843
1.48842
1.48841
1.4884
1.4884
1.48839
1.48838
1.48837
1.48836
1.48835
1.48835
1.48834
1.48833
1.48832
1.48831
1.48831
1.4883
1.48829
1.48828
1.48827
1.48827
1.48826
1.48825
1.48824
1.48823
1.48823
1.48822
1.48821
1.4882
1.48819
1.48819
1.48818
1.48817
1.48816
1.48815
1.48815
1.48814
1.48813
1.48812
1.48811
1.4881
1.4881
1.48809
1.48808
1.48807
1.48806
1.48806
1.48805
1.48804
1.48803
1.48802
1.48802
1.48801
1.488
1.48799
1.48798
1.48798
1.48797
1.48796
1.48795
1.48794
1.48794
1.48793
1.48792
1.48791
1.4879
1.4879
1.48789
1.48788
1.48787
1.48786
1.48785
1.48785
1.48784
1.48783
1.48782
1.48781
1.48781
1.4878
1.48779
1.48778
1.48777
1.48777
1.48776
1.48775
1.48774
1.48773
1.48773
1.48772
1.48771
1.4877
1.48769
1.48769
1.48768
1.48767
1.48766
1.48765
1.48765
1.48764
1.48763
1.48762
1.48761
1.4876
1.4876
1.48759
1.48758
1.48757
1.48756
1.48756
1.48755
1.48754
1.48753
1.48752
1.48752
1.48751
1.4875
1.48749
1.48748
1.48748
1.48747
1.48746
1.48745
1.48744
1.48744
1.48743
1.48742
1.48741
1.4874
1.4874
1.48739
1.48738
1.48737
1.48736
1.48735
1.48735
1.48734
1.48733
1.48732
1.48731
1.48731
1.4873
1.48729
1.48728
1.48727
1.48727
1.48726
1.48725
1.48724
1.48723
1.48723
1.48722
1.48721
1.4872
1.48719
1.48719
1.48718
1.48717
1.48716
1.48715
1.48715
1.48714
1.48713
1.48712
1.48711
1.4871
1.4871
1.48709
1.48708
1.48707
1.48706
1.48706
1.48705
1.48704
1.48703
1.48702
1.48702
1.48701
1.487
1.48699
1.48698
1.48698
1.48697
1.48696
1.48695
1.48694
1.48694
1.48693
1.48692
1.48691
1.4869
1.4869
1.48689
1.48688
1.48687
1.48686
1.48685
1.48685
1.48684
1.48683
1.48682
1.48681
1.48681
1.4868
1.48679
1.48678
1.48677
1.48677
1.48676
1.48675
1.48674
1.48673
1.48673
1.48672
1.48671
1.4867
1.48669
1.48669
1.48668
1.48667
1.48666
1.48665
1.48665
1.48664
1.48663
1.48662
1.48661
1.4866
1.4866
1.48659
1.48658
1.48657
1.48656
1.48656
1.48655
1.48654
1.48653
1.48652
1.48652
1.48651
1.4865
1.48649
1.48648
1.48648
1.48647
1.48646
1.48645
1.48644
1.48644
1.48643
1.48642
1.48641
1.4864
1.4864
1.48639
1.48638
1.48637
1.48636
1.48635
1.48635
1.48634
1.48633
1.48632
1.48631
1.48631
1.4863
1.48629
1.48628
1.48627
1.48627
1.48626
1.48625
1.48624
1.48623
1.48623
1.48622
1.48621
1.4862
1.48619
1.48619
1.48618
1.48617
1.48616
1.48615
1.48615
1.48614
1.48613
1.48612
1.48611
1.4861
1.4861
1.48609
1.48608
1.48607
1.48606
1.48606
1.48605
1.48604
1.48603
1.48602
1.48602
1.48601
1.486
1.48599
1.48598
1.48598
1.48597
1.48596
1.48595
1.48594
1.48594
1.48593
1.48592
1.48591
1.4859
1.4859
1.48589
1.48588
1.48587
1.48586
1.48585
1.48585
1.48584
1.48583
1.48582
1.48581
1.48581
1.4858
1.48579
1.48578
1.48577
1.48577
1.48576
1.48575
1.48574
1.48573
1.48573
1.48572
1.48571
1.4857
1.48569
1.48569
1.48568
1.48567
1.48566
1.48565
1.48565
1.48564
1.48563
1.48562
1.48561
1.4856
1.4856
1.48559
1.48558
1.48557
1.48556
1.48556
1.48555
1.48554
1.48553
1.48552
1.48552
1.48551
1.4855
1.48549
1.48548
1.48548
1.48547
1.48546
1.48545
1.48544
1.48544
1.48543
1.48542
1.48541
1.4854
1.4854
1.48539
1.48538
1.48537
1.48536
1.48535
1.48535
1.48534
1.48533
1.48532
1.48531
1.48531
1.4853
1.48529
1.48528
1.48527
1.48527
1.48526
1.48525
1.48524
1.48523
1.48523
1.48522
1.48521
1.4852
1.48519
1.48519
1.48518
1.48517
1.48516
1.48515
1.48515
1.48514
1.48513
1.48512
1.48511
1.4851
1.4851
1.48509
1.48508
1.48507
1.48506
1.48506
1.48505
1.48504
1.48503
1.48502
1.48502
1.48501
1.485
1.48499
1.48498
1.48498
1.48497
1.48496
1.48495
1.48494
1.48494
1.48493
1.48492
1.48491
1.4849
1.4849
1.48489
1.48488
1.48487
1.48486
1.48485
1.48485
1.48484
1.48483
1.48482
1.48481
1.48481
1.4848
1.48479
1.48478
1.48477
1.48477
1.48476
1.48475
1.48474
1.48473
1.48473
1.48472
1.48471
1.4847
1.48469
1.48469
1.48468
1.48467
1.48466
1.48465
1.48465
1.48464
1.48463
1.48462
1.48461
1.4846
1.4846
1.48459
1.48458
1.48457
1.48456
1.48456
1.48455
1.48454
1.48453
1.48452
1.48452
1.48451
1.4845
1.48449
1.48448
1.48448
1.48447
1.48446
1.48445
1.48444
1.48444
1.48443
1.48442
1.48441
1.4844
1.4844
1.48439
1.48438
1.48437
1.48436
1.48435
1.48435
1.48434
1.48433
1.48432
1.48431
1.48431
1.4843
1.48429
1.48428
1.48427
1.48427
1.48426
1.48425
1.48424
1.48423
1.48423
1.48422
1.48421
1.4842
1.48419
1.48419
1.48418
1.48417
1.48416
1.48415
1.48415
1.48414
1.48413
1.48412
1.48411
1.4841
1.4841
1.48409
1.48408
1.48407
1.48406
1.48406
1.48405
1.48404
1.48403
1.48402
1.48402
1.48401
1.484
1.48399
1.48398
1.48398
1.48397
1.48396
1.48395
1.48394
1.48394
1.48393
1.48392
1.48391
1.4839
1.4839
1.48389
1.48388
1.48387
1.48386
1.48385
1.48385
1.48384
1.48383
1.48382
1.48381
1.48381
1.4838
1.48379
1.48378
1.48377
1.48377
1.48376
1.48375
1.48374
1.48373
1.48373
1.48372
1.48371
1.4837
1.48369
1.48369
1.48368
1.48367
1.48366
1.48365
1.48365
1.48364
1.48363
1.48362
1.48361
1.4836
1.4836
1.48359
1.48358
1.48357
1.48356
1.48356
1.48355
1.48354
1.48353
1.48352
1.48352
1.48351
1.4835
1.48349
1.48348
1.48348
1.48347
1.48346
1.48345
1.48344
1.48344
1.48343
1.48342
1.48341
1.4834
1.4834
1.48339
1.48338
1.48337
1.48336
1.48335
1.48335
1.48334
1.48333
1.48332
1.48331
1.48331
1.4833
1.48329
1.48328
1.48327
1.48327
1.48326
1.48325
1.48324
1.48323
1.48323
1.48322
1.48321
1.4832
1.48319
1.48319
1.48318
1.48317
1.48316
1.48315
1.48315
1.48314
1.48313
1.48312
1.48311
1.4831
1.4831
1.48309
1.48308
1.48307
1.48306
1.48306
1.48305
1.48304
1.48303
1.48302
1.48302
1.48301
1.483
1.48299
1.48298
1.48298
1.48297
1.48296
1.48295
1.48294
1.48294
1.48293
1.48292
1.48291
1.4829
1.4829
1.48289
1.48288
1.48287
1.48286
1.48285
1.48285
1.48284
1.48283
1.48282
1.48281
1.48281
1.4828
1.48279
1.48278
1.48277
1.48277
1.48276
1.48275
1.48274
1.48273
1.48273
1.48272
1.48271
1.4827
1.48269
1.48269
1.48268
1.48267
1.48266
1.48265
1.48265
1.48264
1.48263
1.48262
1.48261
1.4826
1.4826
1.48259
1.48258
1.48257
1.48256
1.48256
1.48255
1.48254
1.48253
1.48252
1.48252
1.48251
1.4825
1.48249
1.48248
1.48248
1.48247
1.48246
1.48245
1.48244
1.48244
1.48243
1.48242
1.48241
1.4824
1.4824
1.48239
1.48238
1.48237
1.48236
1.48235
1.48235
1.48234
1.48233
1.48232
1.48231
1.48231
1.4823
1.48229
1.48228
1.48227
1.48227
1.48226
1.48225
1.48224
1.48223
1.48223
1.48222
1.48221
1.4822
1.48219
1.48219
1.48218
1.48217
1.48216
1.48215
1.48215
1.48214
1.48213
1.48212
1.48211
1.4821
1.4821
1.48209
1.48208
1.48207
1.48206
1.48206
1.48205
1.48204
1.48203
1.48202
1.48202
1.48201
1.482
1.48199
1.48198
1.48198
1.48197
1.48196
1.48195
1.48194
1.48194
1.48193
1.48192
1.48191
1.4819
1.4819
1.48189
1.48188
1.48187
1.48186
1.48185
1.48185
1.48184
1.48183
1.48182
1.48181
1.48181
1.4818
1.48179
1.48178
1.48177
1.48177
1.48176
1.48175
1.48174
1.48173
1.48173
1.48172
1.48171
1.4817
1.48169
1.48169
1.48168
1.48167
1.48166
1.48165
1.48165
1.48164
1.48163
1.48162
1.48161
1.4816
1.4816
1.48159
1.48158
1.48157
1.48156
1.48156
1.48155
1.48154
1.48153
1.48152
1.48152
1.48151
1.4815
1.48149
1.48148
1.48148
1.48147
1.48146
1.48145
1.48144
1.48144
1.48143
1.48142
1.48141
1.4814
1.4814
1.48139
1.48138
1.48137
1.48136
1.48135
1.48135
1.48134
1.48133
1.48132
1.48131
1.48131
1.4813
1.48129
1.48128
1.48127
1.48127
1.48126
1.48125
1.48124
1.48123
1.48123
1.48122
1.48121
1.4812
1.48119
1.48119
1.48118
1.48117
1.48116
1.48115
1.48115
1.48114
1.48113
1.48112
1.48111
1.4811
1.4811
1.48109
1.48108
1.48107
1.48106
1.48106
1.48105
1.48104
1.48103
1.48102
1.48102
1.48101
1.481
1.48099
1.48098
1.48098
1.48097
1.48096
1.48095
1.48094
1.48094
1.48093
1.48092
1.48091
1.4809
1.4809
1.48089
1.48088
1.48087
1.48086
1.48085
1.48085
1.48084
1.48083
1.48082
1.48081
1.48081
1.4808
1.48079
1.48078
1.48077
1.48077
1.48076
1.48075
1.48074
1.48073
1.48073
1.48072
1.48071
1.4807
1.48069
1.48069
1.48068
1.48067
1.48066
1.48065
1.48065
1.48064
1.48063
1.48062
1.48061
1.4806
1.4806
1.48059
1.48058
1.48057
1.48056
1.48056
1.48055
1.48054
1.48053
1.48052
1.48052
1.48051
1.4805
1.48049
1.48048
1.48048
1.48047
1.48046
1.48045
1.48044
1.48044
1.48043
1.48042
1.48041
1.4804
1.4804
1.48039
1.48038
1.48037
1.48036
1.48035
1.48035
1.48034
1.48033
1.48032
1.48031
1.48031
1.4803
1.48029
1.48028
1.48027
1.48027
1.48026
1.48025
1.48024
1.48023
1.48023
1.48022
1.48021
1.4802
1.48019
1.48019
1.48018
1.48017
1.48016
1.48015
1.48015
1.48014
1.48013
1.48012
1.48011
1.4801
1.4801
1.48009
1.48008
1.48007
1.48006
1.48006
1.48005
1.48004
1.48003
1.48002
1.48002
1.48001
1.48
1.47999
1.47998
1.47998
1.47997
1.47996
1.47995
1.47994
1.47994
1.47993
1.47992
1.47991
1.4799
1.4799
1.47989
1.47988
1.47987
1.47986
1.47985
1.47985
1.47984
1.47983
1.47982
1.47981
1.47981
1.4798
1.47979
1.47978
1.47977
1.47977
1.47976
1.47975
1.47974
1.47973
1.47973
1.47972
1.47971
1.4797
1.47969
1.47969
1.47968
1.47967
1.47966
1.47965
1.47965
1.47964
1.47963
1.47962
1.47961
1.4796
1.4796
1.47959
1.47958
1.47957
1.47956
1.47956
1.47955
1.47954
1.47953
1.47952
1.47952
1.47951
1.4795
1.47949
1.47948
1.47948
1.47947
1.47946
1.47945
1.47944
1.47944
1.47943
1.47942
1.47941
1.4794
1.4794
1.47939
1.47938
1.47937
1.47936
1.47935
1.47935
1.47934
1.47933
1.47932
1.47931
1.47931
1.4793
1.47929
1.47928
1.47927
1.47927
1.47926
1.47925
1.47924
1.47923
1.47923
1.47922
1.47921
1.4792
1.47919
1.47919
1.47918
1.47917
1.47916
1.47915
1.47915
1.47914
1.47913
1.47912
1.47911
1.4791
1.4791
1.47909
1.47908
1.47907
1.47906
1.47906
1.47905
1.47904
1.47903
1.47902
1.47902
1.47901
1.479
1.47899
1.47898
1.47898
1.47897
1.47896
1.47895
1.47894
1.47894
1.47893
1.47892
1.47891
1.4789
1.4789
1.47889
1.47888
1.47887
1.47886
1.47885
1.47885
1.47884
1.47883
1.47882
1.47881
1.47881
1.4788
1.47879
1.47878
1.47877
1.47877
1.47876
1.47875
1.47874
1.47873
1.47873
1.47872
1.47871
1.4787
1.47869
1.47869
1.47868
1.47867
1.47866
1.47865
1.47865
1.47864
1.47863
1.47862
1.47861
1.4786
1.4786
1.47859
1.47858
1.47857
1.47856
1.47856
1.47855
1.47854
1.47853
1.47852
1.47852
1.47851
1.4785
1.47849
1.47848
1.47848
1.47847
1.47846
1.47845
1.47844
1.47844
1.47843
1.47842
1.47841
1.4784
1.4784
1.47839
1.47838
1.47837
1.47836
1.47835
1.47835
1.47834
1.47833
1.47832
1.47831
1.47831
1.4783
1.47829
1.47828
1.47827
1.47827
1.47826
1.47825
1.47824
1.47823
1.47823
1.47822
1.47821
1.4782
1.47819
1.47819
1.47818
1.47817
1.47816
1.47815
1.47815
1.47814
1.47813
1.47812
1.47811
1.4781
1.4781
1.47809
1.47808
1.47807
1.47806
1.47806
1.47805
1.47804
1.47803
1.47802
1.47802
1.47801
1.478
1.47799
1.47798
1.47798
1.47797
1.47796
1.47795
1.47794
1.47794
1.47793
1.47792
1.47791
1.4779
1.4779
1.47789
1.47788
1.47787
1.47786
1.47785
1.47785
1.47784
1.47783
1.47782
1.47781
1.47781
1.4778
1.47779
1.47778
1.47777
1.47777
1.47776
1.47775
1.47774
1.47773
1.47773
1.47772
1.47771
1.4777
1.47769
1.47769
1.47768
1.47767
1.47766
1.47765
1.47765
1.47764
1.47763
1.47762
1.47761
1.4776
1.4776
1.47759
1.47758
1.47757
1.47756
1.47756
1.47755
1.47754
1.47753
1.47752
1.47752
1.47751
1.4775
1.47749
1.47748
1.47748
1.47747
1.47746
1.47745
1.47744
1.47744
1.47743
1.47742
1.47741
1.4774
1.4774
1.47739
1.47738
1.47737
1.47736
1.47735
1.47735
1.47734
1.47733
1.47732
1.47731
1.47731
1.4773
1.47729
1.47728
1.47727
1.47727
1.47726
1.47725
1.47724
1.47723
1.47723
1.47722
1.47721
1.4772
1.47719
1.47719
1.47718
1.47717
1.47716
1.47715
1.47715
1.47714
1.47713
1.47712
1.47711
1.4771
1.4771
1.47709
1.47708
1.47707
1.47706
1.47706
1.47705
1.47704
1.47703
1.47702
1.47702
1.47701
1.477
1.47699
1.47698
1.47698
1.47697
1.47696
1.47695
1.47694
1.47694
1.47693
1.47692
1.47691
1.4769
1.4769
1.47689
1.47688
1.47687
1.47686
1.47685
1.47685
1.47684
1.47683
1.47682
1.47681
1.47681
1.4768
1.47679
1.47678
1.47677
1.47677
1.47676
1.47675
1.47674
1.47673
1.47673
1.47672
1.47671
1.4767
1.47669
1.47669
1.47668
1.47667
1.47666
1.47665
1.47665
1.47664
1.47663
1.47662
1.47661
1.4766
1.4766
1.47659
1.47658
1.47657
1.47656
1.47656
1.47655
1.47654
1.47653
1.47652
1.47652
1.47651
1.4765
1.47649
1.47648
1.47648
1.47647
1.47646
1.47645
1.47644
1.47644
1.47643
1.47642
1.47641
1.4764
1.4764
1.47639
1.47638
1.47637
1.47636
1.47635
1.47635
1.47634
1.47633
1.47632
1.47631
1.47631
1.4763
1.47629
1.47628
1.47627
1.47627
1.47626
1.47625
1.47624
1.47623
1.47623
1.47622
1.47621
1.4762
1.47619
1.47619
1.47618
1.47617
1.47616
1.47615
1.47615
1.47614
1.47613
1.47612
1.47611
1.4761
1.4761
1.47609
1.47608
1.47607
1.47606
1.47606
1.47605
1.47604
1.47603
1.47602
1.47602
1.47601
1.476
1.47599
1.47598
1.47598
1.47597
1.47596
1.47595
1.47594
1.47594
1.47593
1.47592
1.47591
1.4759
1.4759
1.47589
1.47588
1.47587
1.47586
1.47585
1.47585
1.47584
1.47583
1.47582
1.47581
1.47581
1.4758
1.47579
1.47578
1.47577
1.47577
1.47576
1.47575
1.47574
1.47573
1.47573
1.47572
1.47571
1.4757
1.47569
1.47569
1.47568
1.47567
1.47566
1.47565
1.47565
1.47564
1.47563
1.47562
1.47561
1.4756
1.4756
1.47559
1.47558
1.47557
1.47556
1.47556
1.47555
1.47554
1.47553
1.47552
1.47552
1.47551
1.4755
1.47549
1.47548
1.47548
1.47547
1.47546
1.47545
1.47544
1.47544
1.47543
1.47542
1.47541
1.4754
1.4754
1.47539
1.47538
1.47537
1.47536
1.47535
1.47535
1.47534
1.47533
1.47532
1.47531
1.47531
1.4753
1.47529
1.47528
1.47527
1.47527
1.47526
1.47525
1.47524
1.47523
1.47523
1.47522
1.47521
1.4752
1.47519
1.47519
1.47518
1.47517
1.47516
1.47515
1.47515
1.47514
1.47513
1.47512
1.47511
1.4751
1.4751
1.47509
1.47508
1.47507
1.47506
1.47506
1.47505
1.47504
1.47503
1.47502
1.47502
1.47501
1.475
1.47499
1.47498
1.47498
1.47497
1.47496
1.47495
1.47494
1.47494
1.47493
1.47492
1.47491
1.4749
1.4749
1.47489
1.47488
1.47487
1.47486
1.47485
1.47485
1.47484
1.47483
1.47482
1.47481
1.47481
1.4748
1.47479
1.47478
1.47477
1.47477
1.47476
1.47475
1.47474
1.47473
1.47473
1.47472
1.47471
1.4747
1.47469
1.47469
1.47468
1.47467
1.47466
1.47465
1.47465
1.47464
1.47463
1.47462
1.47461
1.4746
1.4746
1.47459
1.47458
1.47457
1.47456
1.47456
1.47455
1.47454
1.47453
1.47452
1.47452
1.47451
1.4745
1.47449
1.47448
1.47448
1.47447
1.47446
1.47445
1.47444
1.47444
1.47443
1.47442
1.47441
1.4744
1.4744
1.47439
1.47438
1.47437
1.47436
1.47435
1.47435
1.47434
1.47433
1.47432
1.47431
1.47431
1.4743
1.47429
1.47428
1.47427
1.47427
1.47426
1.47425
1.47424
1.47423
1.47423
1.47422
1.47421
1.4742
1.47419
1.47419
1.47418
1.47417
1.47416
1.47415
1.47415
1.47414
1.47413
1.47412
1.47411
1.4741
1.4741
1.47409
1.47408
1.47407
1.47406
1.47406
1.47405
1.47404
1.47403
1.47402
1.47402
1.47401
1.474
1.47399
1.47398
1.47398
1.47397
1.47396
1.47395
1.47394
1.47394
1.47393
1.47392
1.47391
1.4739
1.4739
1.47389
1.47388
1.47387
1.47386
1.47385
1.47385
1.47384
1.47383
1.47382
1.47381
1.47381
1.4738
1.47379
1.47378
1.47377
1.47377
1.47376
1.47375
1.47374
1.47373
1.47373
1.47372
1.47371
1.4737
1.47369
1.47369
1.47368
1.47367
1.47366
1.47365
1.47365
1.47364
1.47363
1.47362
1.47361
1.4736
1.4736
1.47359
1.47358
1.47357
1.47356
1.47356
1.47355
1.47354
1.47353
1.47352
1.47352
1.47351
1.4735
1.47349
1.47348
1.47348
1.47347
1.47346
1.47345
1.47344
1.47344
1.47343
1.47342
1.47341
1.4734
1.4734
1.47339
1.47338
1.47337
1.47336
1.47335
1.47335
1.47334
1.47333
1.47332
1.47331
1.47331
1.4733
1.47329
1.47328
1.47327
1.47327
1.47326
1.47325
1.47324
1.47323
1.47323
1.47322
1.47321
1.4732
1.47319
1.47319
1.47318
1.47317
1.47316
1.47315
1.47315
1.47314
1.47313
1.47312
1.47311
1.4731
1.4731
1.47309
1.47308
1.47307
1.47306
1.47306
1.47305
1.47304
1.47303
1.47302
1.47302
1.47301
1.473
1.47299
1.47298
1.47298
1.47297
1.47296
1.47295
1.47294
1.47294
1.47293
1.47292
1.47291
1.4729
1.4729
1.47289
1.47288
1.47287
1.47286
1.47285
1.47285
1.47284
1.47283
1.47282
1.47281
1.47281
1.4728
1.47279
1.47278
1.47277
1.47277
1.47276
1.47275
1.47274
1.47273
1.47273
1.47272
1.47271
1.4727
1.47269
1.47269
1.47268
1.47267
1.47266
1.47265
1.47265
1.47264
1.47263
1.47262
1.47261
1.4726
1.4726
1.47259
1.47258
1.47257
1.47256
1.47256
1.47255
1.47254
1.47253
1.47252
1.47252
1.47251
1.4725
1.47249
1.47248
1.47248
1.47247
1.47246
1.47245
1.47244
1.47244
1.47243
1.47242
1.47241
1.4724
1.4724
1.47239
1.47238
1.47237
1.47236
1.47235
1.47235
1.47234
1.47233
1.47232
1.47231
1.47231
1.4723
1.47229
1.47228
1.47227
1.47227
1.47226
1.47225
1.47224
1.47223
1.47223
1.47222
1.47221
1.4722
1.47219
1.47219
1.47218
1.47217
1.47216
1.47215
1.47215
1.47214
1.47213
1.47212
1.47211
1.4721
1.4721
1.47209
1.47208
1.47207
1.47206
1.47206
1.47205
1.47204
1.47203
1.47202
1.47202
1.47201
1.472
1.47199
1.47198
1.47198
1.47197
1.47196
1.47195
1.47194
1.47194
1.47193
1.47192
1.47191
1.4719
1.4719
1.47189
1.47188
1.47187
1.47186
1.47185
1.47185
1.47184
1.47183
1.47182
1.47181
1.47181
1.4718
1.47179
1.47178
1.47177
1.47177
1.47176
1.47175
1.47174
1.47173
1.47173
1.47172
1.47171
1.4717
1.47169
1.47169
1.47168
1.47167
1.47166
1.47165
1.47165
1.47164
1.47163
1.47162
1.47161
1.4716
1.4716
1.47159
1.47158
1.47157
1.47156
1.47156
1.47155
1.47154
1.47153
1.47152
1.47152
1.47151
1.4715
1.47149
1.47148
1.47148
1.47147
1.47146
1.47145
1.47144
1.47144
1.47143
1.47142
1.47141
1.4714
1.4714
1.47139
1.47138
1.47137
1.47136
1.47135
1.47135
1.47134
1.47133
1.47132
1.47131
1.47131
1.4713
1.47129
1.47128
1.47127
1.47127
1.47126
1.47125
1.47124
1.47123
1.47123
1.47122
1.47121
1.4712
1.47119
1.47119
1.47118
1.47117
1.47116
1.47115
1.47115
1.47114
1.47113
1.47112
1.47111
1.4711
1.4711
1.47109
1.47108
1.47107
1.47106
1.47106
1.47105
1.47104
1.47103
1.47102
1.47102
1.47101
1.471
1.47099
1.47098
1.47098
1.47097
1.47096
1.47095
1.47094
1.47094
1.47093
1.47092
1.47091
1.4709
1.4709
1.47089
1.47088
1.47087
1.47086
1.47085
1.47085
1.47084
1.47083
1.47082
1.47081
1.47081
1.4708
1.47079
1.47078
1.47077
1.47077
1.47076
1.47075
1.47074
1.47073
1.47073
1.47072
1.47071
1.4707
1.47069
1.47069
1.47068
1.47067
1.47066
1.47065
1.47065
1.47064
1.47063
1.47062
1.47061
1.4706
1.4706
1.47059
1.47058
1.47057
1.47056
1.47056
1.47055
1.47054
1.47053
1.47052
1.47052
1.47051
1.4705
1.47049
1.47048
1.47048
1.47047
1.47046
1.47045
1.47044
1.47044
1.47043
1.47042
1.47041
1.4704
1.4704
1.47039
1.47038
1.47037
1.47036
1.47035
1.47035
1.47034
1.47033
1.47032
1.47031
1.47031
1.4703
1.47029
1.47028
1.47027
1.47027
1.47026
1.47025
1.47024
1.47023
1.47023
1.47022
1.47021
1.4702
1.47019
1.47019
1.47018
1.47017
1.47016
1.47015
1.47015
1.47014
1.47013
1.47012
1.47011
1.4701
1.4701
1.47009
1.47008
1.47007
1.47006
1.47006
1.47005
1.47004
1.47003
1.47002
1.47002
1.47001
1.47
1.46999
1.46998
1.46998
1.46997
1.46996
1.46995
1.46994
1.46994
1.46993
1.46992
1.46991
1.4699
1.4699
1.46989
1.46988
1.46987
1.46986
1.46985
1.46985
1.46984
1.46983
1.46982
1.46981
1.46981
1.4698
1.46979
1.46978
1.46977
1.46977
1.46976
1.46975
1.46974
1.46973
1.46973
1.46972
1.46971
1.4697
1.46969
1.46969
1.46968
1.46967
1.46966
1.46965
1.46965
1.46964
1.46963
1.46962
1.46961
1.4696
1.4696
1.46959
1.46958
1.46957
1.46956
1.46956
1.46955
1.46954
1.46953
1.46952
1.46952
1.46951
1.4695
1.46949
1.46948
1.46948
1.46947
1.46946
1.46945
1.46944
1.46944
1.46943
1.46942
1.46941
1.4694
1.4694
1.46939
1.46938
1.46937
1.46936
1.46935
1.46935
1.46934
1.46933
1.46932
1.46931
1.46931
1.4693
1.46929
1.46928
1.46927
1.46927
1.46926
1.46925
1.46924
1.46923
1.46923
1.46922
1.46921
1.4692
1.46919
1.46919
1.46918
1.46917
1.46916
1.46915
1.46915
1.46914
1.46913
1.46912
1.46911
1.4691
1.4691
1.46909
1.46908
1.46907
1.46906
1.46906
1.46905
1.46904
1.46903
1.46902
1.46902
1.46901
1.469
1.46899
1.46898
1.46898
1.46897
1.46896
1.46895
1.46894
1.46894
1.46893
1.46892
1.46891
1.4689
1.4689
1.46889
1.46888
1.46887
1.46886
1.46885
1.46885
1.46884
1.46883
1.46882
1.46881
1.46881
1.4688
1.46879
1.46878
1.46877
1.46877
1.46876
1.46875
1.46874
1.46873
1.46873
1.46872
1.46871
1.4687
1.46869
1.46869
1.46868
1.46867
1.46866
1.46865
1.46865
1.46864
1.46863
1.46862
1.46861
1.4686
1.4686
1.46859
1.46858
1.46857
1.46856
1.46856
1.46855
1.46854
1.46853
1.46852
1.46852
1.46851
1.4685
1.46849
1.46848
1.46848
1.46847
1.46846
1.46845
1.46844
1.46844
1.46843
1.46842
1.46841
1.4684
1.4684
1.46839
1.46838
1.46837
1.46836
1.46835
1.46835
1.46834
1.46833
1.46832
1.46831
1.46831
1.4683
1.46829
1.46828
1.46827
1.46827
1.46826
1.46825
1.46824
1.46823
1.46823
1.46822
1.46821
1.4682
1.46819
1.46819
1.46818
1.46817
1.46816
1.46815
1.46815
1.46814
1.46813
1.46812
1.46811
1.4681
1.4681
1.46809
1.46808
1.46807
1.46806
1.46806
1.46805
1.46804
1.46803
1.46802
1.46802
1.46801
1.468
1.46799
1.46798
1.46798
1.46797
1.46796
1.46795
1.46794
1.46794
1.46793
1.46792
1.46791
1.4679
1.4679
1.46789
1.46788
1.46787
1.46786
1.46785
1.46785
1.46784
1.46783
1.46782
1.46781
1.46781
1.4678
1.46779
1.46778
1.46777
1.46777
1.46776
1.46775
1.46774
1.46773
1.46773
1.46772
1.46771
1.4677
1.46769
1.46769
1.46768
1.46767
1.46766
1.46765
1.46765
1.46764
1.46763
1.46762
1.46761
1.4676
1.4676
1.46759
1.46758
1.46757
1.46756
1.46756
1.46755
1.46754
1.46753
1.46752
1.46752
1.46751
1.4675
1.46749
1.46748
1.46748
1.46747
1.46746
1.46745
1.46744
1.46744
1.46743
1.46742
1.46741
1.4674
1.4674
1.46739
1.46738
1.46737
1.46736
1.46735
1.46735
1.46734
1.46733
1.46732
1.46731
1.46731
1.4673
1.46729
1.46728
1.46727
1.46727
1.46726
1.46725
1.46724
1.46723
1.46723
1.46722
1.46721
1.4672
1.46719
1.46719
1.46718
1.46717
1.46716
1.46715
1.46715
1.46714
1.46713
1.46712
1.46711
1.4671
1.4671
1.46709
1.46708
1.46707
1.46706
1.46706
1.46705
1.46704
1.46703
1.46702
1.46702
1.46701
1.467
1.46699
1.46698
1.46698
1.46697
1.46696
1.46695
1.46694
1.46694
1.46693
1.46692
1.46691
1.4669
1.4669
1.46689
1.46688
1.46687
1.46686
1.46685
1.46685
1.46684
1.46683
1.46682
1.46681
1.46681
1.4668
1.46679
1.46678
1.46677
1.46677
1.46676
1.46675
1.46674
1.46673
1.46673
1.46672
1.46671
1.4667
1.46669
1.46669
1.46668
1.46667
1.46666
1.46665
1.46665
1.46664
1.46663
1.46662
1.46661
1.4666
1.4666
1.46659
1.46658
1.46657
1.46656
1.46656
1.46655
1.46654
1.46653
1.46652
1.46652
1.46651
1.4665
1.46649
1.46648
1.46648
1.46647
1.46646
1.46645
1.46644
1.46644
1.46643
1.46642
1.46641
1.4664
1.4664
1.46639
1.46638
1.46637
1.46636
1.46635
1.46635
1.46634
1.46633
1.46632
1.46631
1.46631
1.4663
1.46629
1.46628
1.46627
1.46627
1.46626
1.46625
1.46624
1.46623
1.46623
1.46622
1.46621
1.4662
1.46619
1.46619
1.46618
1.46617
1.46616
1.46615
1.46615
1.46614
1.46613
1.46612
1.46611
1.4661
1.4661
1.46609
1.46608
1.46607
1.46606
1.46606
1.46605
1.46604
1.46603
1.46602
1.46602
1.46601
1.466
1.46599
1.46598
1.46598
1.46597
1.46596
1.46595
1.46594
1.46594
1.46593
1.46592
1.46591
1.4659
1.4659
1.46589
1.46588
1.46587
1.46586
1.46585
1.46585
1.46584
1.46583
1.46582
1.46581
1.46581
1.4658
1.46579
1.46578
1.46577
1.46577
1.46576
1.46575
1.46574
1.46573
1.46573
1.46572
1.46571
1.4657
1.46569
1.46569
1.46568
1.46567
1.46566
1.46565
1.46565
1.46564
1.46563
1.46562
1.46561
1.4656
1.4656
1.46559
1.46558
1.46557
1.46556
1.46556
1.46555
1.46554
1.46553
1.46552
1.46552
1.46551
1.4655
1.46549
1.46548
1.46548
1.46547
1.46546
1.46545
1.46544
1.46544
1.46543
1.46542
1.46541
1.4654
1.4654
1.46539
1.46538
1.46537
1.46536
1.46535
1.46535
1.46534
1.46533
1.46532
1.46531
1.46531
1.4653
1.46529
1.46528
1.46527
1.46527
1.46526
1.46525
1.46524
1.46523
1.46523
1.46522
1.46521
1.4652
1.46519
1.46519
1.46518
1.46517
1.46516
1.46515
1.46515
1.46514
1.46513
1.46512
1.46511
1.4651
1.4651
1.46509
1.46508
1.46507
1.46506
1.46506
1.46505
1.46504
1.46503
1.46502
1.46502
1.46501
1.465
1.46499
1.46498
1.46498
1.46497
1.46496
1.46495
1.46494
1.46494
1.46493
1.46492
1.46491
1.4649
1.4649
1.46489
1.46488
1.46487
1.46486
1.46485
1.46485
1.46484
1.46483
1.46482
1.46481
1.46481
1.4648
1.46479
1.46478
1.46477
1.46477
1.46476
1.46475
1.46474
1.46473
1.46473
1.46472
1.46471
1.4647
1.46469
1.46469
1.46468
1.46467
1.46466
1.46465
1.46465
1.46464
1.46463
1.46462
1.46461
1.4646
1.4646
1.46459
1.46458
1.46457
1.46456
1.46456
1.46455
1.46454
1.46453
1.46452
1.46452
1.46451
1.4645
1.46449
1.46448
1.46448
1.46447
1.46446
1.46445
1.46444
1.46444
1.46443
1.46442
1.46441
1.4644
1.4644
1.46439
1.46438
1.46437
1.46436
1.46435
1.46435
1.46434
1.46433
1.46432
1.46431
1.46431
1.4643
1.46429
1.46428
1.46427
1.46427
1.46426
1.46425
1.46424
1.46423
1.46423
1.46422
1.46421
1.4642
1.46419
1.46419
1.46418
1.46417
1.46416
1.46415
1.46415
1.46414
1.46413
1.46412
1.46411
1.4641
1.4641
1.46409
1.46408
1.46407
1.46406
1.46406
1.46405
1.46404
1.46403
1.46402
1.46402
1.46401
1.464
1.46399
1.46398
1.46398
1.46397
1.46396
1.46395
1.46394
1.46394
1.46393
1.46392
1.46391
1.4639
1.4639
1.46389
1.46388
1.46387
1.46386
1.46385
1.46385
1.46384
1.46383
1.46382
1.46381
1.46381
1.4638
1.46379
1.46378
1.46377
1.46377
1.46376
1.46375
1.46374
1.46373
1.46373
1.46372
1.46371
1.4637
1.46369
1.46369
1.46368
1.46367
1.46366
1.46365
1.46365
1.46364
1.46363
1.46362
1.46361
1.4636
1.4636
1.46359
1.46358
1.46357
1.46356
1.46356
1.46355
1.46354
1.46353
1.46352
1.46352
1.46351
1.4635
1.46349
1.46348
1.46348
1.46347
1.46346
1.46345
1.46344
1.46344
1.46343
1.46342
1.46341
1.4634
1.4634
1.46339
1.46338
1.46337
1.46336
1.46335
1.46335
1.46334
1.46333
1.46332
1.46331
1.46331
1.4633
1.46329
1.46328
1.46327
1.46327
1.46326
1.46325
1.46324
1.46323
1.46323
1.46322
1.46321
1.4632
1.46319
1.46319
1.46318
1.46317
1.46316
1.46315
1.46315
1.46314
1.46313
1.46312
1.46311
1.4631
1.4631
1.46309
1.46308
1.46307
1.46306
1.46306
1.46305
1.46304
1.46303
1.46302
1.46302
1.46301
1.463
1.46299
1.46298
1.46298
1.46297
1.46296
1.46295
1.46294
1.46294
1.46293
1.46292
1.46291
1.4629
1.4629
1.46289
1.46288
1.46287
1.46286
1.46285
1.46285
1.46284
1.46283
1.46282
1.46281
1.46281
1.4628
1.46279
1.46278
1.46277
1.46277
1.46276
1.46275
1.46274
1.46273
1.46273
1.46272
1.46271
1.4627
1.46269
1.46269
1.46268
1.46267
1.46266
1.46265
1.46265
1.46264
1.46263
1.46262
1.46261
1.4626
1.4626
1.46259
1.46258
1.46257
1.46256
1.46256
1.46255
1.46254
1.46253
1.46252
1.46252
1.46251
1.4625
1.46249
1.46248
1.46248
1.46247
1.46246
1.46245
1.46244
1.46244
1.46243
1.46242
1.46241
1.4624
1.4624
1.46239
1.46238
1.46237
1.46236
1.46235
1.46235
1.46234
1.46233
1.46232
1.46231
1.46231
1.4623
1.46229
1.46228
1.46227
1.46227
1.46226
1.46225
1.46224
1.46223
1.46223
1.46222
1.46221
1.4622
1.46219
1.46219
1.46218
1.46217
1.46216
1.46215
1.46215
1.46214
1.46213
1.46212
1.46211
1.4621
1.4621
1.46209
1.46208
1.46207
1.46206
1.46206
1.46205
1.46204
1.46203
1.46202
1.46202
1.46201
1.462
1.46199
1.46198
1.46198
1.46197
1.46196
1.46195
1.46194
1.46194
1.46193
1.46192
1.46191
1.4619
1.4619
1.46189
1.46188
1.46187
1.46186
1.46185
1.46185
1.46184
1.46183
1.46182
1.46181
1.46181
1.4618
1.46179
1.46178
1.46177
1.46177
1.46176
1.46175
1.46174
1.46173
1.46173
1.46172
1.46171
1.4617
1.46169
1.46169
1.46168
1.46167
1.46166
1.46165
1.46165
1.46164
1.46163
1.46162
1.46161
1.4616
1.4616
1.46159
1.46158
1.46157
1.46156
1.46156
1.46155
1.46154
1.46153
1.46152
1.46152
1.46151
1.4615
1.46149
1.46148
1.46148
1.46147
1.46146
1.46145
1.46144
1.46144
1.46143
1.46142
1.46141
1.4614
1.4614
1.46139
1.46138
1.46137
1.46136
1.46135
1.46135
1.46134
1.46133
1.46132
1.46131
1.46131
1.4613
1.46129
1.46128
1.46127
1.46127
1.46126
1.46125
1.46124
1.46123
1.46123
1.46122
1.46121
1.4612
1.46119
1.46119
1.46118
1.46117
1.46116
1.46115
1.46115
1.46114
1.46113
1.46112
1.46111
1.4611
1.4611
1.46109
1.46108
1.46107
1.46106
1.46106
1.46105
1.46104
1.46103
1.46102
1.46102
1.46101
1.461
1.46099
1.46098
1.46098
1.46097
1.46096
1.46095
1.46094
1.46094
1.46093
1.46092
1.46091
1.4609
1.4609
1.46089
1.46088
1.46087
1.46086
1.46085
1.46085
1.46084
1.46083
1.46082
1.46081
1.46081
1.4608
1.46079
1.46078
1.46077
1.46077
1.46076
1.46075
1.46074
1.46073
1.46073
1.46072
1.46071
1.4607
1.46069
1.46069
1.46068
1.46067
1.46066
1.46065
1.46065
1.46064
1.46063
1.46062
1.46061
1.4606
1.4606
1.46059
1.46058
1.46057
1.46056
1.46056
1.46055
1.46054
1.46053
1.46052
1.46052
1.46051
1.4605
1.46049
1.46048
1.46048
1.46047
1.46046
1.46045
1.46044
1.46044
1.46043
1.46042
1.46041
1.4604
1.4604
1.46039
1.46038
1.46037
1.46036
1.46035
1.46035
1.46034
1.46033
1.46032
1.46031
1.46031
1.4603
1.46029
1.46028
1.46027
1.46027
1.46026
1.46025
1.46024
1.46023
1.46023
1.46022
1.46021
1.4602
1.46019
1.46019
1.46018
1.46017
1.46016
1.46015
1.46015
1.46014
1.46013
1.46012
1.46011
1.4601
1.4601
1.46009
1.46008
1.46007
1.46006
1.46006
1.46005
1.46004
1.46003
1.46002
1.46002
1.46001
1.46
1.45999
1.45998
1.45998
1.45997
1.45996
1.45995
1.45994
1.45994
1.45993
1.45992
1.45991
1.4599
1.4599
1.45989
1.45988
1.45987
1.45986
1.45985
1.45985
1.45984
1.45983
1.45982
1.45981
1.45981
1.4598
1.45979
1.45978
1.45977
1.45977
1.45976
1.45975
1.45974
1.45973
1.45973
1.45972
1.45971
1.4597
1.45969
1.45969
1.45968
1.45967
1.45966
1.45965
1.45965
1.45964
1.45963
1.45962
1.45961
1.4596
1.4596
1.45959
1.45958
1.45957
1.45956
1.45956
1.45955
1.45954
1.45953
1.45952
1.45952
1.45951
1.4595
1.45949
1.45948
1.45948
1.45947
1.45946
1.45945
1.45944
1.45944
1.45943
1.45942
1.45941
1.4594
1.4594
1.45939
1.45938
1.45937
1.45936
1.45935
1.45935
1.45934
1.45933
1.45932
1.45931
1.45931
1.4593
1.45929
1.45928
1.45927
1.45927
1.45926
1.45925
1.45924
1.45923
1.45923
1.45922
1.45921
1.4592
1.45919
1.45919
1.45918
1.45917
1.45916
1.45915
1.45915
1.45914
1.45913
1.45912
1.45911
1.4591
1.4591
1.45909
1.45908
1.45907
1.45906
1.45906
1.45905
1.45904
1.45903
1.45902
1.45902
1.45901
1.459
1.45899
1.45898
1.45898
1.45897
1.45896
1.45895
1.45894
1.45894
1.45893
1.45892
1.45891
1.4589
1.4589
1.45889
1.45888
1.45887
1.45886
1.45885
1.45885
1.45884
1.45883
1.45882
1.45881
1.45881
1.4588
1.45879
1.45878
1.45877
1.45877
1.45876
1.45875
1.45874
1.45873
1.45873
1.45872
1.45871
1.4587
1.45869
1.45869
1.45868
1.45867
1.45866
1.45865
1.45865
1.45864
1.45863
1.45862
1.45861
1.4586
1.4586
1.45859
1.45858
1.45857
1.45856
1.45856
1.45855
1.45854
1.45853
1.45852
1.45852
1.45851
1.4585
1.45849
1.45848
1.45848
1.45847
1.45846
1.45845
1.45844
1.45844
1.45843
1.45842
1.45841
1.4584
1.4584
1.45839
1.45838
1.45837
1.45836
1.45835
1.45835
1.45834
1.45833
1.45832
1.45831
1.45831
1.4583
1.45829
1.45828
1.45827
1.45827
1.45826
1.45825
1.45824
1.45823
1.45823
1.45822
1.45821
1.4582
1.45819
1.45819
1.45818
1.45817
1.45816
1.45815
1.45815
1.45814
1.45813
1.45812
1.45811
1.4581
1.4581
1.45809
1.45808
1.45807
1.45806
1.45806
1.45805
1.45804
1.45803
1.45802
1.45802
1.45801
1.458
1.45799
1.45798
1.45798
1.45797
1.45796
1.45795
1.45794
1.45794
1.45793
1.45792
1.45791
1.4579
1.4579
1.45789
1.45788
1.45787
1.45786
1.45785
1.45785
1.45784
1.45783
1.45782
1.45781
1.45781
1.4578
1.45779
1.45778
1.45777
1.45777
1.45776
1.45775
1.45774
1.45773
1.45773
1.45772
1.45771
1.4577
1.45769
1.45769
1.45768
1.45767
1.45766
1.45765
1.45765
1.45764
1.45763
1.45762
1.45761
1.4576
1.4576
1.45759
1.45758
1.45757
1.45756
1.45756
1.45755
1.45754
1.45753
1.45752
1.45752
1.45751
1.4575
1.45749
1.45748
1.45748
1.45747
1.45746
1.45745
1.45744
1.45744
1.45743
1.45742
1.45741
1.4574
1.4574
1.45739
1.45738
1.45737
1.45736
1.45735
1.45735
1.45734
1.45733
1.45732
1.45731
1.45731
1.4573
1.45729
1.45728
1.45727
1.45727
1.45726
1.45725
1.45724
1.45723
1.45723
1.45722
1.45721
1.4572
1.45719
1.45719
1.45718
1.45717
1.45716
1.45715
1.45715
1.45714
1.45713
1.45712
1.45711
1.4571
1.4571
1.45709
1.45708
1.45707
1.45706
1.45706
1.45705
1.45704
1.45703
1.45702
1.45702
1.45701
1.457
1.45699
1.45698
1.45698
1.45697
1.45696
1.45695
1.45694
1.45694
1.45693
1.45692
1.45691
1.4569
1.4569
1.45689
1.45688
1.45687
1.45686
1.45685
1.45685
1.45684
1.45683
1.45682
1.45681
1.45681
1.4568
1.45679
1.45678
1.45677
1.45677
1.45676
1.45675
1.45674
1.45673
1.45673
1.45672
1.45671
1.4567
1.45669
1.45669
1.45668
1.45667
1.45666
1.45665
1.45665
1.45664
1.45663
1.45662
1.45661
1.4566
1.4566
1.45659
1.45658
1.45657
1.45656
1.45656
1.45655
1.45654
1.45653
1.45652
1.45652
1.45651
1.4565
1.45649
1.45648
1.45648
1.45647
1.45646
1.45645
1.45644
1.45644
1.45643
1.45642
1.45641
1.4564
1.4564
1.45639
1.45638
1.45637
1.45636
1.45635
1.45635
1.45634
1.45633
1.45632
1.45631
1.45631
1.4563
1.45629
1.45628
1.45627
1.45627
1.45626
1.45625
1.45624
1.45623
1.45623
1.45622
1.45621
1.4562
1.45619
1.45619
1.45618
1.45617
1.45616
1.45615
1.45615
1.45614
1.45613
1.45612
1.45611
1.4561
1.4561
1.45609
1.45608
1.45607
1.45606
1.45606
1.45605
1.45604
1.45603
1.45602
1.45602
1.45601
1.456
1.45599
1.45598
1.45598
1.45597
1.45596
1.45595
1.45594
1.45594
1.45593
1.45592
1.45591
1.4559
1.4559
1.45589
1.45588
1.45587
1.45586
1.45585
1.45585
1.45584
1.45583
1.45582
1.45581
1.45581
1.4558
1.45579
1.45578
1.45577
1.45577
1.45576
1.45575
1.45574
1.45573
1.45573
1.45572
1.45571
1.4557
1.45569
1.45569
1.45568
1.45567
1.45566
1.45565
1.45565
1.45564
1.45563
1.45562
1.45561
1.4556
1.4556
1.45559
1.45558
1.45557
1.45556
1.45556
1.45555
1.45554
1.45553
1.45552
1.45552
1.45551
1.4555
1.45549
1.45548
1.45548
1.45547
1.45546
1.45545
1.45544
1.45544
1.45543
1.45542
1.45541
1.4554
1.4554
1.45539
1.45538
1.45537
1.45536
1.45535
1.45535
1.45534
1.45533
1.45532
1.45531
1.45531
1.4553
1.45529
1.45528
1.45527
1.45527
1.45526
1.45525
1.45524
1.45523
1.45523
1.45522
1.45521
1.4552
1.45519
1.45519
1.45518
1.45517
1.45516
1.45515
1.45515
1.45514
1.45513
1.45512
1.45511
1.4551
1.4551
1.45509
1.45508
1.45507
1.45506
1.45506
1.45505
1.45504
1.45503
1.45502
1.45502
1.45501
1.455
1.45499
1.45498
1.45498
1.45497
1.45496
1.45495
1.45494
1.45494
1.45493
1.45492
1.45491
1.4549
1.4549
1.45489
1.45488
1.45487
1.45486
1.45485
1.45485
1.45484
1.45483
1.45482
1.45481
1.45481
1.4548
1.45479
1.45478
1.45477
1.45477
1.45476
1.45475
1.45474
1.45473
1.45473
1.45472
1.45471
1.4547
1.45469
1.45469
1.45468
1.45467
1.45466
1.45465
1.45465
1.45464
1.45463
1.45462
1.45461
1.4546
1.4546
1.45459
1.45458
1.45457
1.45456
1.45456
1.45455
1.45454
1.45453
1.45452
1.45452
1.45451
1.4545
1.45449
1.45448
1.45448
1.45447
1.45446
1.45445
1.45444
1.45444
1.45443
1.45442
1.45441
1.4544
1.4544
1.45439
1.45438
1.45437
1.45436
1.45435
1.45435
1.45434
1.45433
1.45432
1.45431
1.45431
1.4543
1.45429
1.45428
1.45427
1.45427
1.45426
1.45425
1.45424
1.45423
1.45423
1.45422
1.45421
1.4542
1.45419
1.45419
1.45418
1.45417
1.45416
1.45415
1.45415
1.45414
1.45413
1.45412
1.45411
1.4541
1.4541
1.45409
1.45408
1.45407
1.45406
1.45406
1.45405
1.45404
1.45403
1.45402
1.45402
1.45401
1.454
1.45399
1.45398
1.45398
1.45397
1.45396
1.45395
1.45394
1.45394
1.45393
1.45392
1.45391
1.4539
1.4539
1.45389
1.45388
1.45387
1.45386
1.45385
1.45385
1.45384
1.45383
1.45382
1.45381
1.45381
1.4538
1.45379
1.45378
1.45377
1.45377
1.45376
1.45375
1.45374
1.45373
1.45373
1.45372
1.45371
1.4537
1.45369
1.45369
1.45368
1.45367
1.45366
1.45365
1.45365
1.45364
1.45363
1.45362
1.45361
1.4536
1.4536
1.45359
1.45358
1.45357
1.45356
1.45356
1.45355
1.45354
1.45353
1.45352
1.45352
1.45351
1.4535
1.45349
1.45348
1.45348
1.45347
1.45346
1.45345
1.45344
1.45344
1.45343
1.45342
1.45341
1.4534
1.4534
1.45339
1.45338
1.45337
1.45336
1.45335
1.45335
1.45334
1.45333
1.45332
1.45331
1.45331
1.4533
1.45329
1.45328
1.45327
1.45327
1.45326
1.45325
1.45324
1.45323
1.45323
1.45322
1.45321
1.4532
1.45319
1.45319
1.45318
1.45317
1.45316
1.45315
1.45315
1.45314
1.45313
1.45312
1.45311
1.4531
1.4531
1.45309
1.45308
1.45307
1.45306
1.45306
1.45305
1.45304
1.45303
1.45302
1.45302
1.45301
1.453
1.45299
1.45298
1.45298
1.45297
1.45296
1.45295
1.45294
1.45294
1.45293
1.45292
1.45291
1.4529
1.4529
1.45289
1.45288
1.45287
1.45286
1.45285
1.45285
1.45284
1.45283
1.45282
1.45281
1.45281
1.4528
1.45279
1.45278
1.45277
1.45277
1.45276
1.45275
1.45274
1.45273
1.45273
1.45272
1.45271
1.4527
1.45269
1.45269
1.45268
1.45267
1.45266
1.45265
1.45265
1.45264
1.45263
1.45262
1.45261
1.4526
1.4526
1.45259
1.45258
1.45257
1.45256
1.45256
1.45255
1.45254
1.45253
1.45252
1.45252
1.45251
1.4525
1.45249
1.45248
1.45248
1.45247
1.45246
1.45245
1.45244
1.45244
1.45243
1.45242
1.45241
1.4524
1.4524
1.45239
1.45238
1.45237
1.45236
1.45235
1.45235
1.45234
1.45233
1.45232
1.45231
1.45231
1.4523
1.45229
1.45228
1.45227
1.45227
1.45226
1.45225
1.45224
1.45223
1.45223
1.45222
1.45221
1.4522
1.45219
1.45219
1.45218
1.45217
1.45216
1.45215
1.45215
1.45214
1.45213
1.45212
1.45211
1.4521
1.4521
1.45209
1.45208
1.45207
1.45206
1.45206
1.45205
1.45204
1.45203
1.45202
1.45202
1.45201
1.452
1.45199
1.45198
1.45198
1.45197
1.45196
1.45195
1.45194
1.45194
1.45193
1.45192
1.45191
1.4519
1.4519
1.45189
1.45188
1.45187
1.45186
1.45185
1.45185
1.45184
1.45183
1.45182
1.45181
1.45181
1.4518
1.45179
1.45178
1.45177
1.45177
1.45176
1.45175
1.45174
1.45173
1.45173
1.45172
1.45171
1.4517
1.45169
1.45169
1.45168
1.45167
1.45166
1.45165
1.45165
1.45164
1.45163
1.45162
1.45161
1.4516
1.4516
1.45159
1.45158
1.45157
1.45156
1.45156
1.45155
1.45154
1.45153
1.45152
1.45152
1.45151
1.4515
1.45149
1.45148
1.45148
1.45147
1.45146
1.45145
1.45144
1.45144
1.45143
1.45142
1.45141
1.4514
1.4514
1.45139
1.45138
1.45137
1.45136
1.45135
1.45135
1.45134
1.45133
1.45132
1.45131
1.45131
1.4513
1.45129
1.45128
1.45127
1.45127
1.45126
1.45125
1.45124
1.45123
1.45123
1.45122
1.45121
1.4512
1.45119
1.45119
1.45118
1.45117
1.45116
1.45115
1.45115
1.45114
1.45113
1.45112
1.45111
1.4511
1.4511
1.45109
1.45108
1.45107
1.45106
1.45106
1.45105
1.45104
1.45103
1.45102
1.45102
1.45101
1.451
1.45099
1.45098
1.45098
1.45097
1.45096
1.45095
1.45094
1.45094
1.45093
1.45092
1.45091
1.4509
1.4509
1.45089
1.45088
1.45087
1.45086
1.45085
1.45085
1.45084
1.45083
1.45082
1.45081
1.45081
1.4508
1.45079
1.45078
1.45077
1.45077
1.45076
1.45075
1.45074
1.45073
1.45073
1.45072
1.45071
1.4507
1.45069
1.45069
1.45068
1.45067
1.45066
1.45065
1.45065
1.45064
1.45063
1.45062
1.45061
1.4506
1.4506
1.45059
1.45058
1.45057
1.45056
1.45056
1.45055
1.45054
1.45053
1.45052
1.45052
1.45051
1.4505
1.45049
1.45048
1.45048
1.45047
1.45046
1.45045
1.45044
1.45044
1.45043
1.45042
1.45041
1.4504
1.4504
1.45039
1.45038
1.45037
1.45036
1.45035
1.45035
1.45034
1.45033
1.45032
1.45031
1.45031
1.4503
1.45029
1.45028
1.45027
1.45027
1.45026
1.45025
1.45024
1.45023
1.45023
1.45022
1.45021
1.4502
1.45019
1.45019
1.45018
1.45017
1.45016
1.45015
1.45015
1.45014
1.45013
1.45012
1.45011
1.4501
1.4501
1.45009
1.45008
1.45007
1.45006
1.45006
1.45005
1.45004
1.45003
1.45002
1.45002
1.45001
1.45
1.44999
1.44998
1.44998
1.44997
1.44996
1.44995
1.44994
1.44994
1.44993
1.44992
1.44991
1.4499
1.4499
1.44989
1.44988
1.44987
1.44986
1.44985
1.44985
1.44984
1.44983
1.44982
1.44981
1.44981
1.4498
1.44979
1.44978
1.44977
1.44977
1.44976
1.44975
1.44974
1.44973
1.44973
1.44972
1.44971
1.4497
1.44969
1.44969
1.44968
1.44967
1.44966
1.44965
1.44965
1.44964
1.44963
1.44962
1.44961
1.4496
1.4496
1.44959
1.44958
1.44957
1.44956
1.44956
1.44955
1.44954
1.44953
1.44952
1.44952
1.44951
1.4495
1.44949
1.44948
1.44948
1.44947
1.44946
1.44945
1.44944
1.44944
1.44943
1.44942
1.44941
1.4494
1.4494
1.44939
1.44938
1.44937
1.44936
1.44935
1.44935
1.44934
1.44933
1.44932
1.44931
1.44931
1.4493
1.44929
1.44928
1.44927
1.44927
1.44926
1.44925
1.44924
1.44923
1.44923
1.44922
1.44921
1.4492
1.44919
1.44919
1.44918
1.44917
1.44916
1.44915
1.44915
1.44914
1.44913
1.44912
1.44911
1.4491
1.4491
1.44909
1.44908
1.44907
1.44906
1.44906
1.44905
1.44904
1.44903
1.44902
1.44902
1.44901
1.449
1.44899
1.44898
1.44898
1.44897
1.44896
1.44895
1.44894
1.44894
1.44893
1.44892
1.44891
1.4489
1.4489
1.44889
1.44888
1.44887
1.44886
1.44885
1.44885
1.44884
1.44883
1.44882
1.44881
1.44881
1.4488
1.44879
1.44878
1.44877
1.44877
1.44876
1.44875
1.44874
1.44873
1.44873
1.44872
1.44871
1.4487
1.44869
1.44869
1.44868
1.44867
1.44866
1.44865
1.44865
1.44864
1.44863
1.44862
1.44861
1.4486
1.4486
1.44859
1.44858
1.44857
1.44856
1.44856
1.44855
1.44854
1.44853
1.44852
1.44852
1.44851
1.4485
1.44849
1.44848
1.44848
1.44847
1.44846
1.44845
1.44844
1.44844
1.44843
1.44842
1.44841
1.4484
1.4484
1.44839
1.44838
1.44837
1.44836
1.44835
1.44835
1.44834
1.44833
1.44832
1.44831
1.44831
1.4483
1.44829
1.44828
1.44827
1.44827
1.44826
1.44825
1.44824
1.44823
1.44823
1.44822
1.44821
1.4482
1.44819
1.44819
1.44818
1.44817
1.44816
1.44815
1.44815
1.44814
1.44813
1.44812
1.44811
1.4481
1.4481
1.44809
1.44808
1.44807
1.44806
1.44806
1.44805
1.44804
1.44803
1.44802
1.44802
1.44801
1.448
1.44799
1.44798
1.44798
1.44797
1.44796
1.44795
1.44794
1.44794
1.44793
1.44792
1.44791
1.4479
1.4479
1.44789
1.44788
1.44787
1.44786
1.44785
1.44785
1.44784
1.44783
1.44782
1.44781
1.44781
1.4478
1.44779
1.44778
1.44777
1.44777
1.44776
1.44775
1.44774
1.44773
1.44773
1.44772
1.44771
1.4477
1.44769
1.44769
1.44768
1.44767
1.44766
1.44765
1.44765
1.44764
1.44763
1.44762
1.44761
1.4476
1.4476
1.44759
1.44758
1.44757
1.44756
1.44756
1.44755
1.44754
1.44753
1.44752
1.44752
1.44751
1.4475
1.44749
1.44748
1.44748
1.44747
1.44746
1.44745
1.44744
1.44744
1.44743
1.44742
1.44741
1.4474
1.4474
1.44739
1.44738
1.44737
1.44736
1.44735
1.44735
1.44734
1.44733
1.44732
1.44731
1.44731
1.4473
1.44729
1.44728
1.44727
1.44727
1.44726
1.44725
1.44724
1.44723
1.44723
1.44722
1.44721
1.4472
1.44719
1.44719
1.44718
1.44717
1.44716
1.44715
1.44715
1.44714
1.44713
1.44712
1.44711
1.4471
1.4471
1.44709
1.44708
1.44707
1.44706
1.44706
1.44705
1.44704
1.44703
1.44702
1.44702
1.44701
1.447
1.44699
1.44698
1.44698
1.44697
1.44696
1.44695
1.44694
1.44694
1.44693
1.44692
1.44691
1.4469
1.4469
1.44689
1.44688
1.44687
1.44686
1.44685
1.44685
1.44684
1.44683
1.44682
1.44681
1.44681
1.4468
1.44679
1.44678
1.44677
1.44677
1.44676
1.44675
1.44674
1.44673
1.44673
1.44672
1.44671
1.4467
1.44669
1.44669
1.44668
1.44667
1.44666
1.44665
1.44665
1.44664
1.44663
1.44662
1.44661
1.4466
1.4466
1.44659
1.44658
1.44657
1.44656
1.44656
1.44655
1.44654
1.44653
1.44652
1.44652
1.44651
1.4465
1.44649
1.44648
1.44648
1.44647
1.44646
1.44645
1.44644
1.44644
1.44643
1.44642
1.44641
1.4464
1.4464
1.44639
1.44638
1.44637
1.44636
1.44635
1.44635
1.44634
1.44633
1.44632
1.44631
1.44631
1.4463
1.44629
1.44628
1.44627
1.44627
1.44626
1.44625
1.44624
1.44623
1.44623
1.44622
1.44621
1.4462
1.44619
1.44619
1.44618
1.44617
1.44616
1.44615
1.44615
1.44614
1.44613
1.44612
1.44611
1.4461
1.4461
1.44609
1.44608
1.44607
1.44606
1.44606
1.44605
1.44604
1.44603
1.44602
1.44602
1.44601
1.446
1.44599
1.44598
1.44598
1.44597
1.44596
1.44595
1.44594
1.44594
1.44593
1.44592
1.44591
1.4459
1.4459
1.44589
1.44588
1.44587
1.44586
1.44585
1.44585
1.44584
1.44583
1.44582
1.44581
1.44581
1.4458
1.44579
1.44578
1.44577
1.44577
1.44576
1.44575
1.44574
1.44573
1.44573
1.44572
1.44571
1.4457
1.44569
1.44569
1.44568
1.44567
1.44566
1.44565
1.44565
1.44564
1.44563
1.44562
1.44561
1.4456
1.4456
1.44559
1.44558
1.44557
1.44556
1.44556
1.44555
1.44554
1.44553
1.44552
1.44552
1.44551
1.4455
1.44549
1.44548
1.44548
1.44547
1.44546
1.44545
1.44544
1.44544
1.44543
1.44542
1.44541
1.4454
1.4454
1.44539
1.44538
1.44537
1.44536
1.44535
1.44535
1.44534
1.44533
1.44532
1.44531
1.44531
1.4453
1.44529
1.44528
1.44527
1.44527
1.44526
1.44525
1.44524
1.44523
1.44523
1.44522
1.44521
1.4452
1.44519
1.44519
1.44518
1.44517
1.44516
1.44515
1.44515
1.44514
1.44513
1.44512
1.44511
1.4451
1.4451
1.44509
1.44508
1.44507
1.44506
1.44506
1.44505
1.44504
1.44503
1.44502
1.44502
1.44501
1.445
1.44499
1.44498
1.44498
1.44497
1.44496
1.44495
1.44494
1.44494
1.44493
1.44492
1.44491
1.4449
1.4449
1.44489
1.44488
1.44487
1.44486
1.44485
1.44485
1.44484
1.44483
1.44482
1.44481
1.44481
1.4448
1.44479
1.44478
1.44477
1.44477
1.44476
1.44475
1.44474
1.44473
1.44473
1.44472
1.44471
1.4447
1.44469
1.44469
1.44468
1.44467
1.44466
1.44465
1.44465
1.44464
1.44463
1.44462
1.44461
1.4446
1.4446
1.44459
1.44458
1.44457
1.44456
1.44456
1.44455
1.44454
1.44453
1.44452
1.44452
1.44451
1.4445
1.44449
1.44448
1.44448
1.44447
1.44446
1.44445
1.44444
1.44444
1.44443
1.44442
1.44441
1.4444
1.4444
1.44439
1.44438
1.44437
1.44436
1.44435
1.44435
1.44434
1.44433
1.44432
1.44431
1.44431
1.4443
1.44429
1.44428
1.44427
1.44427
1.44426
1.44425
1.44424
1.44423
1.44423
1.44422
1.44421
1.4442
1.44419
1.44419
1.44418
1.44417
1.44416
1.44415
1.44415
1.44414
1.44413
1.44412
1.44411
1.4441
1.4441
1.44409
1.44408
1.44407
1.44406
1.44406
1.44405
1.44404
1.44403
1.44402
1.44402
1.44401
1.444
1.44399
1.44398
1.44398
1.44397
1.44396
1.44395
1.44394
1.44394
1.44393
1.44392
1.44391
1.4439
1.4439
1.44389
1.44388
1.44387
1.44386
1.44385
1.44385
1.44384
1.44383
1.44382
1.44381
1.44381
1.4438
1.44379
1.44378
1.44377
1.44377
1.44376
1.44375
1.44374
1.44373
1.44373
1.44372
1.44371
1.4437
1.44369
1.44369
1.44368
1.44367
1.44366
1.44365
1.44365
1.44364
1.44363
1.44362
1.44361
1.4436
1.4436
1.44359
1.44358
1.44357
1.44356
1.44356
1.44355
1.44354
1.44353
1.44352
1.44352
1.44351
1.4435
1.44349
1.44348
1.44348
1.44347
1.44346
1.44345
1.44344
1.44344
1.44343
1.44342
1.44341
1.4434
1.4434
1.44339
1.44338
1.44337
1.44336
1.44335
1.44335
1.44334
1.44333
1.44332
1.44331
1.44331
1.4433
1.44329
1.44328
1.44327
1.44327
1.44326
1.44325
1.44324
1.44323
1.44323
1.44322
1.44321
1.4432
1.44319
1.44319
1.44318
1.44317
1.44316
1.44315
1.44315
1.44314
1.44313
1.44312
1.44311
1.4431
1.4431
1.44309
1.44308
1.44307
1.44306
1.44306
1.44305
1.44304
1.44303
1.44302
1.44302
1.44301
1.443
1.44299
1.44298
1.44298
1.44297
1.44296
1.44295
1.44294
1.44294
1.44293
1.44292
1.44291
1.4429
1.4429
1.44289
1.44288
1.44287
1.44286
1.44285
1.44285
1.44284
1.44283
1.44282
1.44281
1.44281
1.4428
1.44279
1.44278
1.44277
1.44277
1.44276
1.44275
1.44274
1.44273
1.44273
1.44272
1.44271
1.4427
1.44269
1.44269
1.44268
1.44267
1.44266
1.44265
1.44265
1.44264
1.44263
1.44262
1.44261
1.4426
1.4426
1.44259
1.44258
1.44257
1.44256
1.44256
1.44255
1.44254
1.44253
1.44252
1.44252
1.44251
1.4425
1.44249
1.44248
1.44248
1.44247
1.44246
1.44245
1.44244
1.44244
1.44243
1.44242
1.44241
1.4424
1.4424
1.44239
1.44238
1.44237
1.44236
1.44235
1.44235
1.44234
1.44233
1.44232
1.44231
1.44231
1.4423
1.44229
1.44228
1.44227
1.44227
1.44226
1.44225
1.44224
1.44223
1.44223
1.44222
1.44221
1.4422
1.44219
1.44219
1.44218
1.44217
1.44216
1.44215
1.44215
1.44214
1.44213
1.44212
1.44211
1.4421
1.4421
1.44209
1.44208
1.44207
1.44206
1.44206
1.44205
1.44204
1.44203
1.44202
1.44202
1.44201
1.442
1.44199
1.44198
1.44198
1.44197
1.44196
1.44195
1.44194
1.44194
1.44193
1.44192
1.44191
1.4419
1.4419
1.44189
1.44188
1.44187
1.44186
1.44185
1.44185
1.44184
1.44183
1.44182
1.44181
1.44181
1.4418
1.44179
1.44178
1.44177
1.44177
1.44176
1.44175
1.44174
1.44173
1.44173
1.44172
1.44171
1.4417
1.44169
1.44169
1.44168
1.44167
1.44166
1.44165
1.44165
1.44164
1.44163
1.44162
1.44161
1.4416
1.4416
1.44159
1.44158
1.44157
1.44156
1.44156
1.44155
1.44154
1.44153
1.44152
1.44152
1.44151
1.4415
1.44149
1.44148
1.44148
1.44147
1.44146
1.44145
1.44144
1.44144
1.44143
1.44142
1.44141
1.4414
1.4414
1.44139
1.44138
1.44137
1.44136
1.44135
1.44135
1.44134
1.44133
1.44132
1.44131
1.44131
1.4413
1.44129
1.44128
1.44127
1.44127
1.44126
1.44125
1.44124
1.44123
1.44123
1.44122
1.44121
1.4412
1.44119
1.44119
1.44118
1.44117
1.44116
1.44115
1.44115
1.44114
1.44113
1.44112
1.44111
1.4411
1.4411
1.44109
1.44108
1.44107
1.44106
1.44106
1.44105
1.44104
1.44103
1.44102
1.44102
1.44101
1.441
1.44099
1.44098
1.44098
1.44097
1.44096
1.44095
1.44094
1.44094
1.44093
1.44092
1.44091
1.4409
1.4409
1.44089
1.44088
1.44087
1.44086
1.44085
1.44085
1.44084
1.44083
1.44082
1.44081
1.44081
1.4408
1.44079
1.44078
1.44077
1.44077
1.44076
1.44075
1.44074
1.44073
1.44073
1.44072
1.44071
1.4407
1.44069
1.44069
1.44068
1.44067
1.44066
1.44065
1.44065
1.44064
1.44063
1.44062
1.44061
1.4406
1.4406
1.44059
1.44058
1.44057
1.44056
1.44056
1.44055
1.44054
1.44053
1.44052
1.44052
1.44051
1.4405
1.44049
1.44048
1.44048
1.44047
1.44046
1.44045
1.44044
1.44044
1.44043
1.44042
1.44041
1.4404
1.4404
1.44039
1.44038
1.44037
1.44036
1.44035
1.44035
1.44034
1.44033
1.44032
1.44031
1.44031
1.4403
1.44029
1.44028
1.44027
1.44027
1.44026
1.44025
1.44024
1.44023
1.44023
1.44022
1.44021
1.4402
1.44019
1.44019
1.44018
1.44017
1.44016
1.44015
1.44015
1.44014
1.44013
1.44012
1.44011
1.4401
1.4401
1.44009
1.44008
1.44007
1.44006
1.44006
1.44005
1.44004
1.44003
1.44002
1.44002
1.44001
1.44
1.43999
1.43998
1.43998
1.43997
1.43996
1.43995
1.43994
1.43994
1.43993
1.43992
1.43991
1.4399
1.4399
1.43989
1.43988
1.43987
1.43986
1.43985
1.43985
1.43984
1.43983
1.43982
1.43981
1.43981
1.4398
1.43979
1.43978
1.43977
1.43977
1.43976
1.43975
1.43974
1.43973
1.43973
1.43972
1.43971
1.4397
1.43969
1.43969
1.43968
1.43967
1.43966
1.43965
1.43965
1.43964
1.43963
1.43962
1.43961
1.4396
1.4396
1.43959
1.43958
1.43957
1.43956
1.43956
1.43955
1.43954
1.43953
1.43952
1.43952
1.43951
1.4395
1.43949
1.43948
1.43948
1.43947
1.43946
1.43945
1.43944
1.43944
1.43943
1.43942
1.43941
1.4394
1.4394
1.43939
1.43938
1.43937
1.43936
1.43935
1.43935
1.43934
1.43933
1.43932
1.43931
1.43931
1.4393
1.43929
1.43928
1.43927
1.43927
1.43926
1.43925
1.43924
1.43923
1.43923
1.43922
1.43921
1.4392
1.43919
1.43919
1.43918
1.43917
1.43916
1.43915
1.43915
1.43914
1.43913
1.43912
1.43911
1.4391
1.4391
1.43909
1.43908
1.43907
1.43906
1.43906
1.43905
1.43904
1.43903
1.43902
1.43902
1.43901
1.439
1.43899
1.43898
1.43898
1.43897
1.43896
1.43895
1.43894
1.43894
1.43893
1.43892
1.43891
1.4389
1.4389
1.43889
1.43888
1.43887
1.43886
1.43885
1.43885
1.43884
1.43883
1.43882
1.43881
1.43881
1.4388
1.43879
1.43878
1.43877
1.43877
1.43876
1.43875
1.43874
1.43873
1.43873
1.43872
1.43871
1.4387
1.43869
1.43869
1.43868
1.43867
1.43866
1.43865
1.43865
1.43864
1.43863
1.43862
1.43861
1.4386
1.4386
1.43859
1.43858
1.43857
1.43856
1.43856
1.43855
1.43854
1.43853
1.43852
1.43852
1.43851
1.4385
1.43849
1.43848
1.43848
1.43847
1.43846
1.43845
1.43844
1.43844
1.43843
1.43842
1.43841
1.4384
1.4384
1.43839
1.43838
1.43837
1.43836
1.43835
1.43835
1.43834
1.43833
1.43832
1.43831
1.43831
1.4383
1.43829
1.43828
1.43827
1.43827
1.43826
1.43825
1.43824
1.43823
1.43823
1.43822
1.43821
1.4382
1.43819
1.43819
1.43818
1.43817
1.43816
1.43815
1.43815
1.43814
1.43813
1.43812
1.43811
1.4381
1.4381
1.43809
1.43808
1.43807
1.43806
1.43806
1.43805
1.43804
1.43803
1.43802
1.43802
1.43801
1.438
1.43799
1.43798
1.43798
1.43797
1.43796
1.43795
1.43794
1.43794
1.43793
1.43792
1.43791
1.4379
1.4379
1.43789
1.43788
1.43787
1.43786
1.43785
1.43785
1.43784
1.43783
1.43782
1.43781
1.43781
1.4378
1.43779
1.43778
1.43777
1.43777
1.43776
1.43775
1.43774
1.43773
1.43773
1.43772
1.43771
1.4377
1.43769
1.43769
1.43768
1.43767
1.43766
1.43765
1.43765
1.43764
1.43763
1.43762
1.43761
1.4376
1.4376
1.43759
1.43758
1.43757
1.43756
1.43756
1.43755
1.43754
1.43753
1.43752
1.43752
1.43751
1.4375
1.43749
1.43748
1.43748
1.43747
1.43746
1.43745
1.43744
1.43744
1.43743
1.43742
1.43741
