1.66657
1.66656
1.66656
1.66655
1.66654
1.66653
1.66652
1.66652
1.66651
1.6665
1.66649
1.66648
1.66648
1.66647
1.66646
1.66645
1.66644
1.66644
1.66643
1.66642
1.66641
1.6664
1.6664
1.66639
1.66638
1.66637
1.66636
1.66635
1.66635
1.66634
1.66633
1.66632
1.66631
1.66631
1.6663
1.66629
1.66628
1.66627
1.66627
1.66626
1.66625
1.66624
1.66623
1.66623
1.66622
1.66621
1.6662
1.66619
1.66619
1.66618
1.66617
1.66616
1.66615
1.66615
1.66614
1.66613
1.66612
1.66611
1.6661
1.6661
1.66609
1.66608
1.66607
1.66606
1.66606
1.66605
1.66604
1.66603
1.66602
1.66602
1.66601
1.666
1.66599
1.66598
1.66598
1.66597
1.66596
1.66595
1.66594
1.66594
1.66593
1.66592
1.66591
1.6659
1.6659
1.66589
1.66588
1.66587
1.66586
1.66585
1.66585
1.66584
1.66583
1.66582
1.66581
1.66581
1.6658
1.66579
1.66578
1.66577
1.66577
1.66576
1.66575
1.66574
1.66573
1.66573
1.66572
1.66571
1.6657
1.66569
1.66569
1.66568
1.66567
1.66566
1.66565
1.66565
1.66564
1.66563
1.66562
1.66561
1.6656
1.6656
1.66559
1.66558
1.66557
1.66556
1.66556
1.66555
1.66554
1.66553
1.66552
1.66552
1.66551
1.6655
1.66549
1.66548
1.66548
1.66547
1.66546
1.66545
1.66544
1.66544
1.66543
1.66542
1.66541
1.6654
1.6654
1.66539
1.66538
1.66537
1.66536
1.66535
1.66535
1.66534
1.66533
1.66532
1.66531
1.66531
1.6653
1.66529
1.66528
1.66527
1.66527
1.66526
1.66525
1.66524
1.66523
1.66523
1.66522
1.66521
1.6652
1.66519
1.66519
1.66518
1.66517
1.66516
1.66515
1.66515
1.66514
1.66513
1.66512
1.66511
1.6651
1.6651
1.66509
1.66508
1.66507
1.66506
1.66506
1.66505
1.66504
1.66503
1.66502
1.66502
1.66501
1.665
1.66499
1.66498
1.66498
1.66497
1.66496
1.66495
1.66494
1.66494
1.66493
1.66492
1.66491
1.6649
1.6649
1.66489
1.66488
1.66487
1.66486
1.66485
1.66485
1.66484
1.66483
1.66482
1.66481
1.66481
1.6648
1.66479
1.66478
1.66477
1.66477
1.66476
1.66475
1.66474
1.66473
1.66473
1.66472
1.66471
1.6647
1.66469
1.66469
1.66468
1.66467
1.66466
1.66465
1.66465
1.66464
1.66463
1.66462
1.66461
1.6646
1.6646
1.66459
1.66458
1.66457
1.66456
1.66456
1.66455
1.66454
1.66453
1.66452
1.66452
1.66451
1.6645
1.66449
1.66448
1.66448
1.66447
1.66446
1.66445
1.66444
1.66444
1.66443
1.66442
1.66441
1.6644
1.6644
1.66439
1.66438
1.66437
1.66436
1.66435
1.66435
1.66434
1.66433
1.66432
1.66431
1.66431
1.6643
1.66429
1.66428
1.66427
1.66427
1.66426
1.66425
1.66424
1.66423
1.66423
1.66422
1.66421
1.6642
1.66419
1.66419
1.66418
1.66417
1.66416
1.66415
1.66415
1.66414
1.66413
1.66412
1.66411
1.6641
1.6641
1.66409
1.66408
1.66407
1.66406
1.66406
1.66405
1.66404
1.66403
1.66402
1.66402
1.66401
1.664
1.66399
1.66398
1.66398
1.66397
1.66396
1.66395
1.66394
1.66394
1.66393
1.66392
1.66391
1.6639
1.6639
1.66389
1.66388
1.66387
1.66386
1.66385
1.66385
1.66384
1.66383
1.66382
1.66381
1.66381
1.6638
1.66379
1.66378
1.66377
1.66377
1.66376
1.66375
1.66374
1.66373
1.66373
1.66372
1.66371
1.6637
1.66369
1.66369
1.66368
1.66367
1.66366
1.66365
1.66365
1.66364
1.66363
1.66362
1.66361
1.6636
1.6636
1.66359
1.66358
1.66357
1.66356
1.66356
1.66355
1.66354
1.66353
1.66352
1.66352
1.66351
1.6635
1.66349
1.66348
1.66348
1.66347
1.66346
1.66345
1.66344
1.66344
1.66343
1.66342
1.66341
1.6634
1.6634
1.66339
1.66338
1.66337
1.66336
1.66335
1.66335
1.66334
1.66333
1.66332
1.66331
1.66331
1.6633
1.66329
1.66328
1.66327
1.66327
1.66326
1.66325
1.66324
1.66323
1.66323
1.66322
1.66321
1.6632
1.66319
1.66319
1.66318
1.66317
1.66316
1.66315
1.66315
1.66314
1.66313
1.66312
1.66311
1.6631
1.6631
1.66309
1.66308
1.66307
1.66306
1.66306
1.66305
1.66304
1.66303
1.66302
1.66302
1.66301
1.663
1.66299
1.66298
1.66298
1.66297
1.66296
1.66295
1.66294
1.66294
1.66293
1.66292
1.66291
1.6629
1.6629
1.66289
1.66288
1.66287
1.66286
1.66285
1.66285
1.66284
1.66283
1.66282
1.66281
1.66281
1.6628
1.66279
1.66278
1.66277
1.66277
1.66276
1.66275
1.66274
1.66273
1.66273
1.66272
1.66271
1.6627
1.66269
1.66269
1.66268
1.66267
1.66266
1.66265
1.66265
1.66264
1.66263
1.66262
1.66261
1.6626
1.6626
1.66259
1.66258
1.66257
1.66256
1.66256
1.66255
1.66254
1.66253
1.66252
1.66252
1.66251
1.6625
1.66249
1.66248
1.66248
1.66247
1.66246
1.66245
1.66244
1.66244
1.66243
1.66242
1.66241
1.6624
1.6624
1.66239
1.66238
1.66237
1.66236
1.66235
1.66235
1.66234
1.66233
1.66232
1.66231
1.66231
1.6623
1.66229
1.66228
1.66227
1.66227
1.66226
1.66225
1.66224
1.66223
1.66223
1.66222
1.66221
1.6622
1.66219
1.66219
1.66218
1.66217
1.66216
1.66215
1.66215
1.66214
1.66213
1.66212
1.66211
1.6621
1.6621
1.66209
1.66208
1.66207
1.66206
1.66206
1.66205
1.66204
1.66203
1.66202
1.66202
1.66201
1.662
1.66199
1.66198
1.66198
1.66197
1.66196
1.66195
1.66194
1.66194
1.66193
1.66192
1.66191
1.6619
1.6619
1.66189
1.66188
1.66187
1.66186
1.66185
1.66185
1.66184
1.66183
1.66182
1.66181
1.66181
1.6618
1.66179
1.66178
1.66177
1.66177
1.66176
1.66175
1.66174
1.66173
1.66173
1.66172
1.66171
1.6617
1.66169
1.66169
1.66168
1.66167
1.66166
1.66165
1.66165
1.66164
1.66163
1.66162
1.66161
1.6616
1.6616
1.66159
1.66158
1.66157
1.66156
1.66156
1.66155
1.66154
1.66153
1.66152
1.66152
1.66151
1.6615
1.66149
1.66148
1.66148
1.66147
1.66146
1.66145
1.66144
1.66144
1.66143
1.66142
1.66141
1.6614
1.6614
1.66139
1.66138
1.66137
1.66136
1.66135
1.66135
1.66134
1.66133
1.66132
1.66131
1.66131
1.6613
1.66129
1.66128
1.66127
1.66127
1.66126
1.66125
1.66124
1.66123
1.66123
1.66122
1.66121
1.6612
1.66119
1.66119
1.66118
1.66117
1.66116
1.66115
1.66115
1.66114
1.66113
1.66112
1.66111
1.6611
1.6611
1.66109
1.66108
1.66107
1.66106
1.66106
1.66105
1.66104
1.66103
1.66102
1.66102
1.66101
1.661
1.66099
1.66098
1.66098
1.66097
1.66096
1.66095
1.66094
1.66094
1.66093
1.66092
1.66091
1.6609
1.6609
1.66089
1.66088
1.66087
1.66086
1.66085
1.66085
1.66084
1.66083
1.66082
1.66081
1.66081
1.6608
1.66079
1.66078
1.66077
1.66077
1.66076
1.66075
1.66074
1.66073
1.66073
1.66072
1.66071
1.6607
1.66069
1.66069
1.66068
1.66067
1.66066
1.66065
1.66065
1.66064
1.66063
1.66062
1.66061
1.6606
1.6606
1.66059
1.66058
1.66057
1.66056
1.66056
1.66055
1.66054
1.66053
1.66052
1.66052
1.66051
1.6605
1.66049
1.66048
1.66048
1.66047
1.66046
1.66045
1.66044
1.66044
1.66043
1.66042
1.66041
1.6604
1.6604
1.66039
1.66038
1.66037
1.66036
1.66035
1.66035
1.66034
1.66033
1.66032
1.66031
1.66031
1.6603
1.66029
1.66028
1.66027
1.66027
1.66026
1.66025
1.66024
1.66023
1.66023
1.66022
1.66021
1.6602
1.66019
1.66019
1.66018
1.66017
1.66016
1.66015
1.66015
1.66014
1.66013
1.66012
1.66011
1.6601
1.6601
1.66009
1.66008
1.66007
1.66006
1.66006
1.66005
1.66004
1.66003
1.66002
1.66002
1.66001
1.66
1.65999
1.65998
1.65998
1.65997
1.65996
1.65995
1.65994
1.65994
1.65993
1.65992
1.65991
1.6599
1.6599
1.65989
1.65988
1.65987
1.65986
1.65985
1.65985
1.65984
1.65983
1.65982
1.65981
1.65981
1.6598
1.65979
1.65978
1.65977
1.65977
1.65976
1.65975
1.65974
1.65973
1.65973
1.65972
1.65971
1.6597
1.65969
1.65969
1.65968
1.65967
1.65966
1.65965
1.65965
1.65964
1.65963
1.65962
1.65961
1.6596
1.6596
1.65959
1.65958
1.65957
1.65956
1.65956
1.65955
1.65954
1.65953
1.65952
1.65952
1.65951
1.6595
1.65949
1.65948
1.65948
1.65947
1.65946
1.65945
1.65944
1.65944
1.65943
1.65942
1.65941
1.6594
1.6594
1.65939
1.65938
1.65937
1.65936
1.65935
1.65935
1.65934
1.65933
1.65932
1.65931
1.65931
1.6593
1.65929
1.65928
1.65927
1.65927
1.65926
1.65925
1.65924
1.65923
1.65923
1.65922
1.65921
1.6592
1.65919
1.65919
1.65918
1.65917
1.65916
1.65915
1.65915
1.65914
1.65913
1.65912
1.65911
1.6591
1.6591
1.65909
1.65908
1.65907
1.65906
1.65906
1.65905
1.65904
1.65903
1.65902
1.65902
1.65901
1.659
1.65899
1.65898
1.65898
1.65897
1.65896
1.65895
1.65894
1.65894
1.65893
1.65892
1.65891
1.6589
1.6589
1.65889
1.65888
1.65887
1.65886
1.65885
1.65885
1.65884
1.65883
1.65882
1.65881
1.65881
1.6588
1.65879
1.65878
1.65877
1.65877
1.65876
1.65875
1.65874
1.65873
1.65873
1.65872
1.65871
1.6587
1.65869
1.65869
1.65868
1.65867
1.65866
1.65865
1.65865
1.65864
1.65863
1.65862
1.65861
1.6586
1.6586
1.65859
1.65858
1.65857
1.65856
1.65856
1.65855
1.65854
1.65853
1.65852
1.65852
1.65851
1.6585
1.65849
1.65848
1.65848
1.65847
1.65846
1.65845
1.65844
1.65844
1.65843
1.65842
1.65841
1.6584
1.6584
1.65839
1.65838
1.65837
1.65836
1.65835
1.65835
1.65834
1.65833
1.65832
1.65831
1.65831
1.6583
1.65829
1.65828
1.65827
1.65827
1.65826
1.65825
1.65824
1.65823
1.65823
1.65822
1.65821
1.6582
1.65819
1.65819
1.65818
1.65817
1.65816
1.65815
1.65815
1.65814
1.65813
1.65812
1.65811
1.6581
1.6581
1.65809
1.65808
1.65807
1.65806
1.65806
1.65805
1.65804
1.65803
1.65802
1.65802
1.65801
1.658
1.65799
1.65798
1.65798
1.65797
1.65796
1.65795
1.65794
1.65794
1.65793
1.65792
1.65791
1.6579
1.6579
1.65789
1.65788
1.65787
1.65786
1.65785
1.65785
1.65784
1.65783
1.65782
1.65781
1.65781
1.6578
1.65779
1.65778
1.65777
1.65777
1.65776
1.65775
1.65774
1.65773
1.65773
1.65772
1.65771
1.6577
1.65769
1.65769
1.65768
1.65767
1.65766
1.65765
1.65765
1.65764
1.65763
1.65762
1.65761
1.6576
1.6576
1.65759
1.65758
1.65757
1.65756
1.65756
1.65755
1.65754
1.65753
1.65752
1.65752
1.65751
1.6575
1.65749
1.65748
1.65748
1.65747
1.65746
1.65745
1.65744
1.65744
1.65743
1.65742
1.65741
1.6574
1.6574
1.65739
1.65738
1.65737
1.65736
1.65735
1.65735
1.65734
1.65733
1.65732
1.65731
1.65731
1.6573
1.65729
1.65728
1.65727
1.65727
1.65726
1.65725
1.65724
1.65723
1.65723
1.65722
1.65721
1.6572
1.65719
1.65719
1.65718
1.65717
1.65716
1.65715
1.65715
1.65714
1.65713
1.65712
1.65711
1.6571
1.6571
1.65709
1.65708
1.65707
1.65706
1.65706
1.65705
1.65704
1.65703
1.65702
1.65702
1.65701
1.657
1.65699
1.65698
1.65698
1.65697
1.65696
1.65695
1.65694
1.65694
1.65693
1.65692
1.65691
1.6569
1.6569
1.65689
1.65688
1.65687
1.65686
1.65685
1.65685
1.65684
1.65683
1.65682
1.65681
1.65681
1.6568
1.65679
1.65678
1.65677
1.65677
1.65676
1.65675
1.65674
1.65673
1.65673
1.65672
1.65671
1.6567
1.65669
1.65669
1.65668
1.65667
1.65666
1.65665
1.65665
1.65664
1.65663
1.65662
1.65661
1.6566
1.6566
1.65659
1.65658
1.65657
1.65656
1.65656
1.65655
1.65654
1.65653
1.65652
1.65652
1.65651
1.6565
1.65649
1.65648
1.65648
1.65647
1.65646
1.65645
1.65644
1.65644
1.65643
1.65642
1.65641
1.6564
1.6564
1.65639
1.65638
1.65637
1.65636
1.65635
1.65635
1.65634
1.65633
1.65632
1.65631
1.65631
1.6563
1.65629
1.65628
1.65627
1.65627
1.65626
1.65625
1.65624
1.65623
1.65623
1.65622
1.65621
1.6562
1.65619
1.65619
1.65618
1.65617
1.65616
1.65615
1.65615
1.65614
1.65613
1.65612
1.65611
1.6561
1.6561
1.65609
1.65608
1.65607
1.65606
1.65606
1.65605
1.65604
1.65603
1.65602
1.65602
1.65601
1.656
1.65599
1.65598
1.65598
1.65597
1.65596
1.65595
1.65594
1.65594
1.65593
1.65592
1.65591
1.6559
1.6559
1.65589
1.65588
1.65587
1.65586
1.65585
1.65585
1.65584
1.65583
1.65582
1.65581
1.65581
1.6558
1.65579
1.65578
1.65577
1.65577
1.65576
1.65575
1.65574
1.65573
1.65573
1.65572
1.65571
1.6557
1.65569
1.65569
1.65568
1.65567
1.65566
1.65565
1.65565
1.65564
1.65563
1.65562
1.65561
1.6556
1.6556
1.65559
1.65558
1.65557
1.65556
1.65556
1.65555
1.65554
1.65553
1.65552
1.65552
1.65551
1.6555
1.65549
1.65548
1.65548
1.65547
1.65546
1.65545
1.65544
1.65544
1.65543
1.65542
1.65541
1.6554
1.6554
1.65539
1.65538
1.65537
1.65536
1.65535
1.65535
1.65534
1.65533
1.65532
1.65531
1.65531
1.6553
1.65529
1.65528
1.65527
1.65527
1.65526
1.65525
1.65524
1.65523
1.65523
1.65522
1.65521
1.6552
1.65519
1.65519
1.65518
1.65517
1.65516
1.65515
1.65515
1.65514
1.65513
1.65512
1.65511
1.6551
1.6551
1.65509
1.65508
1.65507
1.65506
1.65506
1.65505
1.65504
1.65503
1.65502
1.65502
1.65501
1.655
1.65499
1.65498
1.65498
1.65497
1.65496
1.65495
1.65494
1.65494
1.65493
1.65492
1.65491
1.6549
1.6549
1.65489
1.65488
1.65487
1.65486
1.65485
1.65485
1.65484
1.65483
1.65482
1.65481
1.65481
1.6548
1.65479
1.65478
1.65477
1.65477
1.65476
1.65475
1.65474
1.65473
1.65473
1.65472
1.65471
1.6547
1.65469
1.65469
1.65468
1.65467
1.65466
1.65465
1.65465
1.65464
1.65463
1.65462
1.65461
1.6546
1.6546
1.65459
1.65458
1.65457
1.65456
1.65456
1.65455
1.65454
1.65453
1.65452
1.65452
1.65451
1.6545
1.65449
1.65448
1.65448
1.65447
1.65446
1.65445
1.65444
1.65444
1.65443
1.65442
1.65441
1.6544
1.6544
1.65439
1.65438
1.65437
1.65436
1.65435
1.65435
1.65434
1.65433
1.65432
1.65431
1.65431
1.6543
1.65429
1.65428
1.65427
1.65427
1.65426
1.65425
1.65424
1.65423
1.65423
1.65422
1.65421
1.6542
1.65419
1.65419
1.65418
1.65417
1.65416
1.65415
1.65415
1.65414
1.65413
1.65412
1.65411
1.6541
1.6541
1.65409
1.65408
1.65407
1.65406
1.65406
1.65405
1.65404
1.65403
1.65402
1.65402
1.65401
1.654
1.65399
1.65398
1.65398
1.65397
1.65396
1.65395
1.65394
1.65394
1.65393
1.65392
1.65391
1.6539
1.6539
1.65389
1.65388
1.65387
1.65386
1.65385
1.65385
1.65384
1.65383
1.65382
1.65381
1.65381
1.6538
1.65379
1.65378
1.65377
1.65377
1.65376
1.65375
1.65374
1.65373
1.65373
1.65372
1.65371
1.6537
1.65369
1.65369
1.65368
1.65367
1.65366
1.65365
1.65365
1.65364
1.65363
1.65362
1.65361
1.6536
1.6536
1.65359
1.65358
1.65357
1.65356
1.65356
1.65355
1.65354
1.65353
1.65352
1.65352
1.65351
1.6535
1.65349
1.65348
1.65348
1.65347
1.65346
1.65345
1.65344
1.65344
1.65343
1.65342
1.65341
1.6534
1.6534
1.65339
1.65338
1.65337
1.65336
1.65335
1.65335
1.65334
1.65333
1.65332
1.65331
1.65331
1.6533
1.65329
1.65328
1.65327
1.65327
1.65326
1.65325
1.65324
1.65323
1.65323
1.65322
1.65321
1.6532
1.65319
1.65319
1.65318
1.65317
1.65316
1.65315
1.65315
1.65314
1.65313
1.65312
1.65311
1.6531
1.6531
1.65309
1.65308
1.65307
1.65306
1.65306
1.65305
1.65304
1.65303
1.65302
1.65302
1.65301
1.653
1.65299
1.65298
1.65298
1.65297
1.65296
1.65295
1.65294
1.65294
1.65293
1.65292
1.65291
1.6529
1.6529
1.65289
1.65288
1.65287
1.65286
1.65285
1.65285
1.65284
1.65283
1.65282
1.65281
1.65281
1.6528
1.65279
1.65278
1.65277
1.65277
1.65276
1.65275
1.65274
1.65273
1.65273
1.65272
1.65271
1.6527
1.65269
1.65269
1.65268
1.65267
1.65266
1.65265
1.65265
1.65264
1.65263
1.65262
1.65261
1.6526
1.6526
1.65259
1.65258
1.65257
1.65256
1.65256
1.65255
1.65254
1.65253
1.65252
1.65252
1.65251
1.6525
1.65249
1.65248
1.65248
1.65247
1.65246
1.65245
1.65244
1.65244
1.65243
1.65242
1.65241
1.6524
1.6524
1.65239
1.65238
1.65237
1.65236
1.65235
1.65235
1.65234
1.65233
1.65232
1.65231
1.65231
1.6523
1.65229
1.65228
1.65227
1.65227
1.65226
1.65225
1.65224
1.65223
1.65223
1.65222
1.65221
1.6522
1.65219
1.65219
1.65218
1.65217
1.65216
1.65215
1.65215
1.65214
1.65213
1.65212
1.65211
1.6521
1.6521
1.65209
1.65208
1.65207
1.65206
1.65206
1.65205
1.65204
1.65203
1.65202
1.65202
1.65201
1.652
1.65199
1.65198
1.65198
1.65197
1.65196
1.65195
1.65194
1.65194
1.65193
1.65192
1.65191
1.6519
1.6519
1.65189
1.65188
1.65187
1.65186
1.65185
1.65185
1.65184
1.65183
1.65182
1.65181
1.65181
1.6518
1.65179
1.65178
1.65177
1.65177
1.65176
1.65175
1.65174
1.65173
1.65173
1.65172
1.65171
1.6517
1.65169
1.65169
1.65168
1.65167
1.65166
1.65165
1.65165
1.65164
1.65163
1.65162
1.65161
1.6516
1.6516
1.65159
1.65158
1.65157
1.65156
1.65156
1.65155
1.65154
1.65153
1.65152
1.65152
1.65151
1.6515
1.65149
1.65148
1.65148
1.65147
1.65146
1.65145
1.65144
1.65144
1.65143
1.65142
1.65141
1.6514
1.6514
1.65139
1.65138
1.65137
1.65136
1.65135
1.65135
1.65134
1.65133
1.65132
1.65131
1.65131
1.6513
1.65129
1.65128
1.65127
1.65127
1.65126
1.65125
1.65124
1.65123
1.65123
1.65122
1.65121
1.6512
1.65119
1.65119
1.65118
1.65117
1.65116
1.65115
1.65115
1.65114
1.65113
1.65112
1.65111
1.6511
1.6511
1.65109
1.65108
1.65107
1.65106
1.65106
1.65105
1.65104
1.65103
1.65102
1.65102
1.65101
1.651
1.65099
1.65098
1.65098
1.65097
1.65096
1.65095
1.65094
1.65094
1.65093
1.65092
1.65091
1.6509
1.6509
1.65089
1.65088
1.65087
1.65086
1.65085
1.65085
1.65084
1.65083
1.65082
1.65081
1.65081
1.6508
1.65079
1.65078
1.65077
1.65077
1.65076
1.65075
1.65074
1.65073
1.65073
1.65072
1.65071
1.6507
1.65069
1.65069
1.65068
1.65067
1.65066
1.65065
1.65065
1.65064
1.65063
1.65062
1.65061
1.6506
1.6506
1.65059
1.65058
1.65057
1.65056
1.65056
1.65055
1.65054
1.65053
1.65052
1.65052
1.65051
1.6505
1.65049
1.65048
1.65048
1.65047
1.65046
1.65045
1.65044
1.65044
1.65043
1.65042
1.65041
1.6504
1.6504
1.65039
1.65038
1.65037
1.65036
1.65035
1.65035
1.65034
1.65033
1.65032
1.65031
1.65031
1.6503
1.65029
1.65028
1.65027
1.65027
1.65026
1.65025
1.65024
1.65023
1.65023
1.65022
1.65021
1.6502
1.65019
1.65019
1.65018
1.65017
1.65016
1.65015
1.65015
1.65014
1.65013
1.65012
1.65011
1.6501
1.6501
1.65009
1.65008
1.65007
1.65006
1.65006
1.65005
1.65004
1.65003
1.65002
1.65002
1.65001
1.65
1.64999
1.64998
1.64998
1.64997
1.64996
1.64995
1.64994
1.64994
1.64993
1.64992
1.64991
1.6499
1.6499
1.64989
1.64988
1.64987
1.64986
1.64985
1.64985
1.64984
1.64983
1.64982
1.64981
1.64981
1.6498
1.64979
1.64978
1.64977
1.64977
1.64976
1.64975
1.64974
1.64973
1.64973
1.64972
1.64971
1.6497
1.64969
1.64969
1.64968
1.64967
1.64966
1.64965
1.64965
1.64964
1.64963
1.64962
1.64961
1.6496
1.6496
1.64959
1.64958
1.64957
1.64956
1.64956
1.64955
1.64954
1.64953
1.64952
1.64952
1.64951
1.6495
1.64949
1.64948
1.64948
1.64947
1.64946
1.64945
1.64944
1.64944
1.64943
1.64942
1.64941
1.6494
1.6494
1.64939
1.64938
1.64937
1.64936
1.64935
1.64935
1.64934
1.64933
1.64932
1.64931
1.64931
1.6493
1.64929
1.64928
1.64927
1.64927
1.64926
1.64925
1.64924
1.64923
1.64923
1.64922
1.64921
1.6492
1.64919
1.64919
1.64918
1.64917
1.64916
1.64915
1.64915
1.64914
1.64913
1.64912
1.64911
1.6491
1.6491
1.64909
1.64908
1.64907
1.64906
1.64906
1.64905
1.64904
1.64903
1.64902
1.64902
1.64901
1.649
1.64899
1.64898
1.64898
1.64897
1.64896
1.64895
1.64894
1.64894
1.64893
1.64892
1.64891
1.6489
1.6489
1.64889
1.64888
1.64887
1.64886
1.64885
1.64885
1.64884
1.64883
1.64882
1.64881
1.64881
1.6488
1.64879
1.64878
1.64877
1.64877
1.64876
1.64875
1.64874
1.64873
1.64873
1.64872
1.64871
1.6487
1.64869
1.64869
1.64868
1.64867
1.64866
1.64865
1.64865
1.64864
1.64863
1.64862
1.64861
1.6486
1.6486
1.64859
1.64858
1.64857
1.64856
1.64856
1.64855
1.64854
1.64853
1.64852
1.64852
1.64851
1.6485
1.64849
1.64848
1.64848
1.64847
1.64846
1.64845
1.64844
1.64844
1.64843
1.64842
1.64841
1.6484
1.6484
1.64839
1.64838
1.64837
1.64836
1.64835
1.64835
1.64834
1.64833
1.64832
1.64831
1.64831
1.6483
1.64829
1.64828
1.64827
1.64827
1.64826
1.64825
1.64824
1.64823
1.64823
1.64822
1.64821
1.6482
1.64819
1.64819
1.64818
1.64817
1.64816
1.64815
1.64815
1.64814
1.64813
1.64812
1.64811
1.6481
1.6481
1.64809
1.64808
1.64807
1.64806
1.64806
1.64805
1.64804
1.64803
1.64802
1.64802
1.64801
1.648
1.64799
1.64798
1.64798
1.64797
1.64796
1.64795
1.64794
1.64794
1.64793
1.64792
1.64791
1.6479
1.6479
1.64789
1.64788
1.64787
1.64786
1.64785
1.64785
1.64784
1.64783
1.64782
1.64781
1.64781
1.6478
1.64779
1.64778
1.64777
1.64777
1.64776
1.64775
1.64774
1.64773
1.64773
1.64772
1.64771
1.6477
1.64769
1.64769
1.64768
1.64767
1.64766
1.64765
1.64765
1.64764
1.64763
1.64762
1.64761
1.6476
1.6476
1.64759
1.64758
1.64757
1.64756
1.64756
1.64755
1.64754
1.64753
1.64752
1.64752
1.64751
1.6475
1.64749
1.64748
1.64748
1.64747
1.64746
1.64745
1.64744
1.64744
1.64743
1.64742
1.64741
1.6474
1.6474
1.64739
1.64738
1.64737
1.64736
1.64735
1.64735
1.64734
1.64733
1.64732
1.64731
1.64731
1.6473
1.64729
1.64728
1.64727
1.64727
1.64726
1.64725
1.64724
1.64723
1.64723
1.64722
1.64721
1.6472
1.64719
1.64719
1.64718
1.64717
1.64716
1.64715
1.64715
1.64714
1.64713
1.64712
1.64711
1.6471
1.6471
1.64709
1.64708
1.64707
1.64706
1.64706
1.64705
1.64704
1.64703
1.64702
1.64702
1.64701
1.647
1.64699
1.64698
1.64698
1.64697
1.64696
1.64695
1.64694
1.64694
1.64693
1.64692
1.64691
1.6469
1.6469
1.64689
1.64688
1.64687
1.64686
1.64685
1.64685
1.64684
1.64683
1.64682
1.64681
1.64681
1.6468
1.64679
1.64678
1.64677
1.64677
1.64676
1.64675
1.64674
1.64673
1.64673
1.64672
1.64671
1.6467
1.64669
1.64669
1.64668
1.64667
1.64666
1.64665
1.64665
1.64664
1.64663
1.64662
1.64661
1.6466
1.6466
1.64659
1.64658
1.64657
1.64656
1.64656
1.64655
1.64654
1.64653
1.64652
1.64652
1.64651
1.6465
1.64649
1.64648
1.64648
1.64647
1.64646
1.64645
1.64644
1.64644
1.64643
1.64642
1.64641
1.6464
1.6464
1.64639
1.64638
1.64637
1.64636
1.64635
1.64635
1.64634
1.64633
1.64632
1.64631
1.64631
1.6463
1.64629
1.64628
1.64627
1.64627
1.64626
1.64625
1.64624
1.64623
1.64623
1.64622
1.64621
1.6462
1.64619
1.64619
1.64618
1.64617
1.64616
1.64615
1.64615
1.64614
1.64613
1.64612
1.64611
1.6461
1.6461
1.64609
1.64608
1.64607
1.64606
1.64606
1.64605
1.64604
1.64603
1.64602
1.64602
1.64601
1.646
1.64599
1.64598
1.64598
1.64597
1.64596
1.64595
1.64594
1.64594
1.64593
1.64592
1.64591
1.6459
1.6459
1.64589
1.64588
1.64587
1.64586
1.64585
1.64585
1.64584
1.64583
1.64582
1.64581
1.64581
1.6458
1.64579
1.64578
1.64577
1.64577
1.64576
1.64575
1.64574
1.64573
1.64573
1.64572
1.64571
1.6457
1.64569
1.64569
1.64568
1.64567
1.64566
1.64565
1.64565
1.64564
1.64563
1.64562
1.64561
1.6456
1.6456
1.64559
1.64558
1.64557
1.64556
1.64556
1.64555
1.64554
1.64553
1.64552
1.64552
1.64551
1.6455
1.64549
1.64548
1.64548
1.64547
1.64546
1.64545
1.64544
1.64544
1.64543
1.64542
1.64541
1.6454
1.6454
1.64539
1.64538
1.64537
1.64536
1.64535
1.64535
1.64534
1.64533
1.64532
1.64531
1.64531
1.6453
1.64529
1.64528
1.64527
1.64527
1.64526
1.64525
1.64524
1.64523
1.64523
1.64522
1.64521
1.6452
1.64519
1.64519
1.64518
1.64517
1.64516
1.64515
1.64515
1.64514
1.64513
1.64512
1.64511
1.6451
1.6451
1.64509
1.64508
1.64507
1.64506
1.64506
1.64505
1.64504
1.64503
1.64502
1.64502
1.64501
1.645
1.64499
1.64498
1.64498
1.64497
1.64496
1.64495
1.64494
1.64494
1.64493
1.64492
1.64491
1.6449
1.6449
1.64489
1.64488
1.64487
1.64486
1.64485
1.64485
1.64484
1.64483
1.64482
1.64481
1.64481
1.6448
1.64479
1.64478
1.64477
1.64477
1.64476
1.64475
1.64474
1.64473
1.64473
1.64472
1.64471
1.6447
1.64469
1.64469
1.64468
1.64467
1.64466
1.64465
1.64465
1.64464
1.64463
1.64462
1.64461
1.6446
1.6446
1.64459
1.64458
1.64457
1.64456
1.64456
1.64455
1.64454
1.64453
1.64452
1.64452
1.64451
1.6445
1.64449
1.64448
1.64448
1.64447
1.64446
1.64445
1.64444
1.64444
1.64443
1.64442
1.64441
1.6444
1.6444
1.64439
1.64438
1.64437
1.64436
1.64435
1.64435
1.64434
1.64433
1.64432
1.64431
1.64431
1.6443
1.64429
1.64428
1.64427
1.64427
1.64426
1.64425
1.64424
1.64423
1.64423
1.64422
1.64421
1.6442
1.64419
1.64419
1.64418
1.64417
1.64416
1.64415
1.64415
1.64414
1.64413
1.64412
1.64411
1.6441
1.6441
1.64409
1.64408
1.64407
1.64406
1.64406
1.64405
1.64404
1.64403
1.64402
1.64402
1.64401
1.644
1.64399
1.64398
1.64398
1.64397
1.64396
1.64395
1.64394
1.64394
1.64393
1.64392
1.64391
1.6439
1.6439
1.64389
1.64388
1.64387
1.64386
1.64385
1.64385
1.64384
1.64383
1.64382
1.64381
1.64381
1.6438
1.64379
1.64378
1.64377
1.64377
1.64376
1.64375
1.64374
1.64373
1.64373
1.64372
1.64371
1.6437
1.64369
1.64369
1.64368
1.64367
1.64366
1.64365
1.64365
1.64364
1.64363
1.64362
1.64361
1.6436
1.6436
1.64359
1.64358
1.64357
1.64356
1.64356
1.64355
1.64354
1.64353
1.64352
1.64352
1.64351
1.6435
1.64349
1.64348
1.64348
1.64347
1.64346
1.64345
1.64344
1.64344
1.64343
1.64342
1.64341
1.6434
1.6434
1.64339
1.64338
1.64337
1.64336
1.64335
1.64335
1.64334
1.64333
1.64332
1.64331
1.64331
1.6433
1.64329
1.64328
1.64327
1.64327
1.64326
1.64325
1.64324
1.64323
1.64323
1.64322
1.64321
1.6432
1.64319
1.64319
1.64318
1.64317
1.64316
1.64315
1.64315
1.64314
1.64313
1.64312
1.64311
1.6431
1.6431
1.64309
1.64308
1.64307
1.64306
1.64306
1.64305
1.64304
1.64303
1.64302
1.64302
1.64301
1.643
1.64299
1.64298
1.64298
1.64297
1.64296
1.64295
1.64294
1.64294
1.64293
1.64292
1.64291
1.6429
1.6429
1.64289
1.64288
1.64287
1.64286
1.64285
1.64285
1.64284
1.64283
1.64282
1.64281
1.64281
1.6428
1.64279
1.64278
1.64277
1.64277
1.64276
1.64275
1.64274
1.64273
1.64273
1.64272
1.64271
1.6427
1.64269
1.64269
1.64268
1.64267
1.64266
1.64265
1.64265
1.64264
1.64263
1.64262
1.64261
1.6426
1.6426
1.64259
1.64258
1.64257
1.64256
1.64256
1.64255
1.64254
1.64253
1.64252
1.64252
1.64251
1.6425
1.64249
1.64248
1.64248
1.64247
1.64246
1.64245
1.64244
1.64244
1.64243
1.64242
1.64241
1.6424
1.6424
1.64239
1.64238
1.64237
1.64236
1.64235
1.64235
1.64234
1.64233
1.64232
1.64231
1.64231
1.6423
1.64229
1.64228
1.64227
1.64227
1.64226
1.64225
1.64224
1.64223
1.64223
1.64222
1.64221
1.6422
1.64219
1.64219
1.64218
1.64217
1.64216
1.64215
1.64215
1.64214
1.64213
1.64212
1.64211
1.6421
1.6421
1.64209
1.64208
1.64207
1.64206
1.64206
1.64205
1.64204
1.64203
1.64202
1.64202
1.64201
1.642
1.64199
1.64198
1.64198
1.64197
1.64196
1.64195
1.64194
1.64194
1.64193
1.64192
1.64191
1.6419
1.6419
1.64189
1.64188
1.64187
1.64186
1.64185
1.64185
1.64184
1.64183
1.64182
1.64181
1.64181
1.6418
1.64179
1.64178
1.64177
1.64177
1.64176
1.64175
1.64174
1.64173
1.64173
1.64172
1.64171
1.6417
1.64169
1.64169
1.64168
1.64167
1.64166
1.64165
1.64165
1.64164
1.64163
1.64162
1.64161
1.6416
1.6416
1.64159
1.64158
1.64157
1.64156
1.64156
1.64155
1.64154
1.64153
1.64152
1.64152
1.64151
1.6415
1.64149
1.64148
1.64148
1.64147
1.64146
1.64145
1.64144
1.64144
1.64143
1.64142
1.64141
1.6414
1.6414
1.64139
1.64138
1.64137
1.64136
1.64135
1.64135
1.64134
1.64133
1.64132
1.64131
1.64131
1.6413
1.64129
1.64128
1.64127
1.64127
1.64126
1.64125
1.64124
1.64123
1.64123
1.64122
1.64121
1.6412
1.64119
1.64119
1.64118
1.64117
1.64116
1.64115
1.64115
1.64114
1.64113
1.64112
1.64111
1.6411
1.6411
1.64109
1.64108
1.64107
1.64106
1.64106
1.64105
1.64104
1.64103
1.64102
1.64102
1.64101
1.641
1.64099
1.64098
1.64098
1.64097
1.64096
1.64095
1.64094
1.64094
1.64093
1.64092
1.64091
1.6409
1.6409
1.64089
1.64088
1.64087
1.64086
1.64085
1.64085
1.64084
1.64083
1.64082
1.64081
1.64081
1.6408
1.64079
1.64078
1.64077
1.64077
1.64076
1.64075
1.64074
1.64073
1.64073
1.64072
1.64071
1.6407
1.64069
1.64069
1.64068
1.64067
1.64066
1.64065
1.64065
1.64064
1.64063
1.64062
1.64061
1.6406
1.6406
1.64059
1.64058
1.64057
1.64056
1.64056
1.64055
1.64054
1.64053
1.64052
1.64052
1.64051
1.6405
1.64049
1.64048
1.64048
1.64047
1.64046
1.64045
1.64044
1.64044
1.64043
1.64042
1.64041
1.6404
1.6404
1.64039
1.64038
1.64037
1.64036
1.64035
1.64035
1.64034
1.64033
1.64032
1.64031
1.64031
1.6403
1.64029
1.64028
1.64027
1.64027
1.64026
1.64025
1.64024
1.64023
1.64023
1.64022
1.64021
1.6402
1.64019
1.64019
1.64018
1.64017
1.64016
1.64015
1.64015
1.64014
1.64013
1.64012
1.64011
1.6401
1.6401
1.64009
1.64008
1.64007
1.64006
1.64006
1.64005
1.64004
1.64003
1.64002
1.64002
1.64001
1.64
1.63999
1.63998
1.63998
1.63997
1.63996
1.63995
1.63994
1.63994
1.63993
1.63992
1.63991
1.6399
1.6399
1.63989
1.63988
1.63987
1.63986
1.63985
1.63985
1.63984
1.63983
1.63982
1.63981
1.63981
1.6398
1.63979
1.63978
1.63977
1.63977
1.63976
1.63975
1.63974
1.63973
1.63973
1.63972
1.63971
1.6397
1.63969
1.63969
1.63968
1.63967
1.63966
1.63965
1.63965
1.63964
1.63963
1.63962
1.63961
1.6396
1.6396
1.63959
1.63958
1.63957
1.63956
1.63956
1.63955
1.63954
1.63953
1.63952
1.63952
1.63951
1.6395
1.63949
1.63948
1.63948
1.63947
1.63946
1.63945
1.63944
1.63944
1.63943
1.63942
1.63941
1.6394
1.6394
1.63939
1.63938
1.63937
1.63936
1.63935
1.63935
1.63934
1.63933
1.63932
1.63931
1.63931
1.6393
1.63929
1.63928
1.63927
1.63927
1.63926
1.63925
1.63924
1.63923
1.63923
1.63922
1.63921
1.6392
1.63919
1.63919
1.63918
1.63917
1.63916
1.63915
1.63915
1.63914
1.63913
1.63912
1.63911
1.6391
1.6391
1.63909
1.63908
1.63907
1.63906
1.63906
1.63905
1.63904
1.63903
1.63902
1.63902
1.63901
1.639
1.63899
1.63898
1.63898
1.63897
1.63896
1.63895
1.63894
1.63894
1.63893
1.63892
1.63891
1.6389
1.6389
1.63889
1.63888
1.63887
1.63886
1.63885
1.63885
1.63884
1.63883
1.63882
1.63881
1.63881
1.6388
1.63879
1.63878
1.63877
1.63877
1.63876
1.63875
1.63874
1.63873
1.63873
1.63872
1.63871
1.6387
1.63869
1.63869
1.63868
1.63867
1.63866
1.63865
1.63865
1.63864
1.63863
1.63862
1.63861
1.6386
1.6386
1.63859
1.63858
1.63857
1.63856
1.63856
1.63855
1.63854
1.63853
1.63852
1.63852
1.63851
1.6385
1.63849
1.63848
1.63848
1.63847
1.63846
1.63845
1.63844
1.63844
1.63843
1.63842
1.63841
1.6384
1.6384
1.63839
1.63838
1.63837
1.63836
1.63835
1.63835
1.63834
1.63833
1.63832
1.63831
1.63831
1.6383
1.63829
1.63828
1.63827
1.63827
1.63826
1.63825
1.63824
1.63823
1.63823
1.63822
1.63821
1.6382
1.63819
1.63819
1.63818
1.63817
1.63816
1.63815
1.63815
1.63814
1.63813
1.63812
1.63811
1.6381
1.6381
1.63809
1.63808
1.63807
1.63806
1.63806
1.63805
1.63804
1.63803
1.63802
1.63802
1.63801
1.638
1.63799
1.63798
1.63798
1.63797
1.63796
1.63795
1.63794
1.63794
1.63793
1.63792
1.63791
1.6379
1.6379
1.63789
1.63788
1.63787
1.63786
1.63785
1.63785
1.63784
1.63783
1.63782
1.63781
1.63781
1.6378
1.63779
1.63778
1.63777
1.63777
1.63776
1.63775
1.63774
1.63773
1.63773
1.63772
1.63771
1.6377
1.63769
1.63769
1.63768
1.63767
1.63766
1.63765
1.63765
1.63764
1.63763
1.63762
1.63761
1.6376
1.6376
1.63759
1.63758
1.63757
1.63756
1.63756
1.63755
1.63754
1.63753
1.63752
1.63752
1.63751
1.6375
1.63749
1.63748
1.63748
1.63747
1.63746
1.63745
1.63744
1.63744
1.63743
1.63742
1.63741
1.6374
1.6374
1.63739
1.63738
1.63737
1.63736
1.63735
1.63735
1.63734
1.63733
1.63732
1.63731
1.63731
1.6373
1.63729
1.63728
1.63727
1.63727
1.63726
1.63725
1.63724
1.63723
1.63723
1.63722
1.63721
1.6372
1.63719
1.63719
1.63718
1.63717
1.63716
1.63715
1.63715
1.63714
1.63713
1.63712
1.63711
1.6371
1.6371
1.63709
1.63708
1.63707
1.63706
1.63706
1.63705
1.63704
1.63703
1.63702
1.63702
1.63701
1.637
1.63699
1.63698
1.63698
1.63697
1.63696
1.63695
1.63694
1.63694
1.63693
1.63692
1.63691
1.6369
1.6369
1.63689
1.63688
1.63687
1.63686
1.63685
1.63685
1.63684
1.63683
1.63682
1.63681
1.63681
1.6368
1.63679
1.63678
1.63677
1.63677
1.63676
1.63675
1.63674
1.63673
1.63673
1.63672
1.63671
1.6367
1.63669
1.63669
1.63668
1.63667
1.63666
1.63665
1.63665
1.63664
1.63663
1.63662
1.63661
1.6366
1.6366
1.63659
1.63658
1.63657
1.63656
1.63656
1.63655
1.63654
1.63653
1.63652
1.63652
1.63651
1.6365
1.63649
1.63648
1.63648
1.63647
1.63646
1.63645
1.63644
1.63644
1.63643
1.63642
1.63641
1.6364
1.6364
1.63639
1.63638
1.63637
1.63636
1.63635
1.63635
1.63634
1.63633
1.63632
1.63631
1.63631
1.6363
1.63629
1.63628
1.63627
1.63627
1.63626
1.63625
1.63624
1.63623
1.63623
1.63622
1.63621
1.6362
1.63619
1.63619
1.63618
1.63617
1.63616
1.63615
1.63615
1.63614
1.63613
1.63612
1.63611
1.6361
1.6361
1.63609
1.63608
1.63607
1.63606
1.63606
1.63605
1.63604
1.63603
1.63602
1.63602
1.63601
1.636
1.63599
1.63598
1.63598
1.63597
1.63596
1.63595
1.63594
1.63594
1.63593
1.63592
1.63591
1.6359
1.6359
1.63589
1.63588
1.63587
1.63586
1.63585
1.63585
1.63584
1.63583
1.63582
1.63581
1.63581
1.6358
1.63579
1.63578
1.63577
1.63577
1.63576
1.63575
1.63574
1.63573
1.63573
1.63572
1.63571
1.6357
1.63569
1.63569
1.63568
1.63567
1.63566
1.63565
1.63565
1.63564
1.63563
1.63562
1.63561
1.6356
1.6356
1.63559
1.63558
1.63557
1.63556
1.63556
1.63555
1.63554
1.63553
1.63552
1.63552
1.63551
1.6355
1.63549
1.63548
1.63548
1.63547
1.63546
1.63545
1.63544
1.63544
1.63543
1.63542
1.63541
1.6354
1.6354
1.63539
1.63538
1.63537
1.63536
1.63535
1.63535
1.63534
1.63533
1.63532
1.63531
1.63531
1.6353
1.63529
1.63528
1.63527
1.63527
1.63526
1.63525
1.63524
1.63523
1.63523
1.63522
1.63521
1.6352
1.63519
1.63519
1.63518
1.63517
1.63516
1.63515
1.63515
1.63514
1.63513
1.63512
1.63511
1.6351
1.6351
1.63509
1.63508
1.63507
1.63506
1.63506
1.63505
1.63504
1.63503
1.63502
1.63502
1.63501
1.635
1.63499
1.63498
1.63498
1.63497
1.63496
1.63495
1.63494
1.63494
1.63493
1.63492
1.63491
1.6349
1.6349
1.63489
1.63488
1.63487
1.63486
1.63485
1.63485
1.63484
1.63483
1.63482
1.63481
1.63481
1.6348
1.63479
1.63478
1.63477
1.63477
1.63476
1.63475
1.63474
1.63473
1.63473
1.63472
1.63471
1.6347
1.63469
1.63469
1.63468
1.63467
1.63466
1.63465
1.63465
1.63464
1.63463
1.63462
1.63461
1.6346
1.6346
1.63459
1.63458
1.63457
1.63456
1.63456
1.63455
1.63454
1.63453
1.63452
1.63452
1.63451
1.6345
1.63449
1.63448
1.63448
1.63447
1.63446
1.63445
1.63444
1.63444
1.63443
1.63442
1.63441
1.6344
1.6344
1.63439
1.63438
1.63437
1.63436
1.63435
1.63435
1.63434
1.63433
1.63432
1.63431
1.63431
1.6343
1.63429
1.63428
1.63427
1.63427
1.63426
1.63425
1.63424
1.63423
1.63423
1.63422
1.63421
1.6342
1.63419
1.63419
1.63418
1.63417
1.63416
1.63415
1.63415
1.63414
1.63413
1.63412
1.63411
1.6341
1.6341
1.63409
1.63408
1.63407
1.63406
1.63406
1.63405
1.63404
1.63403
1.63402
1.63402
1.63401
1.634
1.63399
1.63398
1.63398
1.63397
1.63396
1.63395
1.63394
1.63394
1.63393
1.63392
1.63391
1.6339
1.6339
1.63389
1.63388
1.63387
1.63386
1.63385
1.63385
1.63384
1.63383
1.63382
1.63381
1.63381
1.6338
1.63379
1.63378
1.63377
1.63377
1.63376
1.63375
1.63374
1.63373
1.63373
1.63372
1.63371
1.6337
1.63369
1.63369
1.63368
1.63367
1.63366
1.63365
1.63365
1.63364
1.63363
1.63362
1.63361
1.6336
1.6336
1.63359
1.63358
1.63357
1.63356
1.63356
1.63355
1.63354
1.63353
1.63352
1.63352
1.63351
1.6335
1.63349
1.63348
1.63348
1.63347
1.63346
1.63345
1.63344
1.63344
1.63343
1.63342
1.63341
1.6334
1.6334
1.63339
1.63338
1.63337
1.63336
1.63335
1.63335
1.63334
1.63333
1.63332
1.63331
1.63331
1.6333
1.63329
1.63328
1.63327
1.63327
1.63326
1.63325
1.63324
1.63323
1.63323
1.63322
1.63321
1.6332
1.63319
1.63319
1.63318
1.63317
1.63316
1.63315
1.63315
1.63314
1.63313
1.63312
1.63311
1.6331
1.6331
1.63309
1.63308
1.63307
1.63306
1.63306
1.63305
1.63304
1.63303
1.63302
1.63302
1.63301
1.633
1.63299
1.63298
1.63298
1.63297
1.63296
1.63295
1.63294
1.63294
1.63293
1.63292
1.63291
1.6329
1.6329
1.63289
1.63288
1.63287
1.63286
1.63285
1.63285
1.63284
1.63283
1.63282
1.63281
1.63281
1.6328
1.63279
1.63278
1.63277
1.63277
1.63276
1.63275
1.63274
1.63273
1.63273
1.63272
1.63271
1.6327
1.63269
1.63269
1.63268
1.63267
1.63266
1.63265
1.63265
1.63264
1.63263
1.63262
1.63261
1.6326
1.6326
1.63259
1.63258
1.63257
1.63256
1.63256
1.63255
1.63254
1.63253
1.63252
1.63252
1.63251
1.6325
1.63249
1.63248
1.63248
1.63247
1.63246
1.63245
1.63244
1.63244
1.63243
1.63242
1.63241
1.6324
1.6324
1.63239
1.63238
1.63237
1.63236
1.63235
1.63235
1.63234
1.63233
1.63232
1.63231
1.63231
1.6323
1.63229
1.63228
1.63227
1.63227
1.63226
1.63225
1.63224
1.63223
1.63223
1.63222
1.63221
1.6322
1.63219
1.63219
1.63218
1.63217
1.63216
1.63215
1.63215
1.63214
1.63213
1.63212
1.63211
1.6321
1.6321
1.63209
1.63208
1.63207
1.63206
1.63206
1.63205
1.63204
1.63203
1.63202
1.63202
1.63201
1.632
1.63199
1.63198
1.63198
1.63197
1.63196
1.63195
1.63194
1.63194
1.63193
1.63192
1.63191
1.6319
1.6319
1.63189
1.63188
1.63187
1.63186
1.63185
1.63185
1.63184
1.63183
1.63182
1.63181
1.63181
1.6318
1.63179
1.63178
1.63177
1.63177
1.63176
1.63175
1.63174
1.63173
1.63173
1.63172
1.63171
1.6317
1.63169
1.63169
1.63168
1.63167
1.63166
1.63165
1.63165
1.63164
1.63163
1.63162
1.63161
1.6316
1.6316
1.63159
1.63158
1.63157
1.63156
1.63156
1.63155
1.63154
1.63153
1.63152
1.63152
1.63151
1.6315
1.63149
1.63148
1.63148
1.63147
1.63146
1.63145
1.63144
1.63144
1.63143
1.63142
1.63141
1.6314
1.6314
1.63139
1.63138
1.63137
1.63136
1.63135
1.63135
1.63134
1.63133
1.63132
1.63131
1.63131
1.6313
1.63129
1.63128
1.63127
1.63127
1.63126
1.63125
1.63124
1.63123
1.63123
1.63122
1.63121
1.6312
1.63119
1.63119
1.63118
1.63117
1.63116
1.63115
1.63115
1.63114
1.63113
1.63112
1.63111
1.6311
1.6311
1.63109
1.63108
1.63107
1.63106
1.63106
1.63105
1.63104
1.63103
1.63102
1.63102
1.63101
1.631
1.63099
1.63098
1.63098
1.63097
1.63096
1.63095
1.63094
1.63094
1.63093
1.63092
1.63091
1.6309
1.6309
1.63089
1.63088
1.63087
1.63086
1.63085
1.63085
1.63084
1.63083
1.63082
1.63081
1.63081
1.6308
1.63079
1.63078
1.63077
1.63077
1.63076
1.63075
1.63074
1.63073
1.63073
1.63072
1.63071
1.6307
1.63069
1.63069
1.63068
1.63067
1.63066
1.63065
1.63065
1.63064
1.63063
1.63062
1.63061
1.6306
1.6306
1.63059
1.63058
1.63057
1.63056
1.63056
1.63055
1.63054
1.63053
1.63052
1.63052
1.63051
1.6305
1.63049
1.63048
1.63048
1.63047
1.63046
1.63045
1.63044
1.63044
1.63043
1.63042
1.63041
1.6304
1.6304
1.63039
1.63038
1.63037
1.63036
1.63035
1.63035
1.63034
1.63033
1.63032
1.63031
1.63031
1.6303
1.63029
1.63028
1.63027
1.63027
1.63026
1.63025
1.63024
1.63023
1.63023
1.63022
1.63021
1.6302
1.63019
1.63019
1.63018
1.63017
1.63016
1.63015
1.63015
1.63014
1.63013
1.63012
1.63011
1.6301
1.6301
1.63009
1.63008
1.63007
1.63006
1.63006
1.63005
1.63004
1.63003
1.63002
1.63002
1.63001
1.63
1.62999
1.62998
1.62998
1.62997
1.62996
1.62995
1.62994
1.62994
1.62993
1.62992
1.62991
1.6299
1.6299
1.62989
1.62988
1.62987
1.62986
1.62985
1.62985
1.62984
1.62983
1.62982
1.62981
1.62981
1.6298
1.62979
1.62978
1.62977
1.62977
1.62976
1.62975
1.62974
1.62973
1.62973
1.62972
1.62971
1.6297
1.62969
1.62969
1.62968
1.62967
1.62966
1.62965
1.62965
1.62964
1.62963
1.62962
1.62961
1.6296
1.6296
1.62959
1.62958
1.62957
1.62956
1.62956
1.62955
1.62954
1.62953
1.62952
1.62952
1.62951
1.6295
1.62949
1.62948
1.62948
1.62947
1.62946
1.62945
1.62944
1.62944
1.62943
1.62942
1.62941
1.6294
1.6294
1.62939
1.62938
1.62937
1.62936
1.62935
1.62935
1.62934
1.62933
1.62932
1.62931
1.62931
1.6293
1.62929
1.62928
1.62927
1.62927
1.62926
1.62925
1.62924
1.62923
1.62923
1.62922
1.62921
1.6292
1.62919
1.62919
1.62918
1.62917
1.62916
1.62915
1.62915
1.62914
1.62913
1.62912
1.62911
1.6291
1.6291
1.62909
1.62908
1.62907
1.62906
1.62906
1.62905
1.62904
1.62903
1.62902
1.62902
1.62901
1.629
1.62899
1.62898
1.62898
1.62897
1.62896
1.62895
1.62894
1.62894
1.62893
1.62892
1.62891
1.6289
1.6289
1.62889
1.62888
1.62887
1.62886
1.62885
1.62885
1.62884
1.62883
1.62882
1.62881
1.62881
1.6288
1.62879
1.62878
1.62877
1.62877
1.62876
1.62875
1.62874
1.62873
1.62873
1.62872
1.62871
1.6287
1.62869
1.62869
1.62868
1.62867
1.62866
1.62865
1.62865
1.62864
1.62863
1.62862
1.62861
1.6286
1.6286
1.62859
1.62858
1.62857
1.62856
1.62856
1.62855
1.62854
1.62853
1.62852
1.62852
1.62851
1.6285
1.62849
1.62848
1.62848
1.62847
1.62846
1.62845
1.62844
1.62844
1.62843
1.62842
1.62841
1.6284
1.6284
1.62839
1.62838
1.62837
1.62836
1.62835
1.62835
1.62834
1.62833
1.62832
1.62831
1.62831
1.6283
1.62829
1.62828
1.62827
1.62827
1.62826
1.62825
1.62824
1.62823
1.62823
1.62822
1.62821
1.6282
1.62819
1.62819
1.62818
1.62817
1.62816
1.62815
1.62815
1.62814
1.62813
1.62812
1.62811
1.6281
1.6281
1.62809
1.62808
1.62807
1.62806
1.62806
1.62805
1.62804
1.62803
1.62802
1.62802
1.62801
1.628
1.62799
1.62798
1.62798
1.62797
1.62796
1.62795
1.62794
1.62794
1.62793
1.62792
1.62791
1.6279
1.6279
1.62789
1.62788
1.62787
1.62786
1.62785
1.62785
1.62784
1.62783
1.62782
1.62781
1.62781
1.6278
1.62779
1.62778
1.62777
1.62777
1.62776
1.62775
1.62774
1.62773
1.62773
1.62772
1.62771
1.6277
1.62769
1.62769
1.62768
1.62767
1.62766
1.62765
1.62765
1.62764
1.62763
1.62762
1.62761
1.6276
1.6276
1.62759
1.62758
1.62757
1.62756
1.62756
1.62755
1.62754
1.62753
1.62752
1.62752
1.62751
1.6275
1.62749
1.62748
1.62748
1.62747
1.62746
1.62745
1.62744
1.62744
1.62743
1.62742
1.62741
1.6274
1.6274
1.62739
1.62738
1.62737
1.62736
1.62735
1.62735
1.62734
1.62733
1.62732
1.62731
1.62731
1.6273
1.62729
1.62728
1.62727
1.62727
1.62726
1.62725
1.62724
1.62723
1.62723
1.62722
1.62721
1.6272
1.62719
1.62719
1.62718
1.62717
1.62716
1.62715
1.62715
1.62714
1.62713
1.62712
1.62711
1.6271
1.6271
1.62709
1.62708
1.62707
1.62706
1.62706
1.62705
1.62704
1.62703
1.62702
1.62702
1.62701
1.627
1.62699
1.62698
1.62698
1.62697
1.62696
1.62695
1.62694
1.62694
1.62693
1.62692
1.62691
1.6269
1.6269
1.62689
1.62688
1.62687
1.62686
1.62685
1.62685
1.62684
1.62683
1.62682
1.62681
1.62681
1.6268
1.62679
1.62678
1.62677
1.62677
1.62676
1.62675
1.62674
1.62673
1.62673
1.62672
1.62671
1.6267
1.62669
1.62669
1.62668
1.62667
1.62666
1.62665
1.62665
1.62664
1.62663
1.62662
1.62661
1.6266
1.6266
1.62659
1.62658
1.62657
1.62656
1.62656
1.62655
1.62654
1.62653
1.62652
1.62652
1.62651
1.6265
1.62649
1.62648
1.62648
1.62647
1.62646
1.62645
1.62644
1.62644
1.62643
1.62642
1.62641
1.6264
1.6264
1.62639
1.62638
1.62637
1.62636
1.62635
1.62635
1.62634
1.62633
1.62632
1.62631
1.62631
1.6263
1.62629
1.62628
1.62627
1.62627
1.62626
1.62625
1.62624
1.62623
1.62623
1.62622
1.62621
1.6262
1.62619
1.62619
1.62618
1.62617
1.62616
1.62615
1.62615
1.62614
1.62613
1.62612
1.62611
1.6261
1.6261
1.62609
1.62608
1.62607
1.62606
1.62606
1.62605
1.62604
1.62603
1.62602
1.62602
1.62601
1.626
1.62599
1.62598
1.62598
1.62597
1.62596
1.62595
1.62594
1.62594
1.62593
1.62592
1.62591
1.6259
1.6259
1.62589
1.62588
1.62587
1.62586
1.62585
1.62585
1.62584
1.62583
1.62582
1.62581
1.62581
1.6258
1.62579
1.62578
1.62577
1.62577
1.62576
1.62575
1.62574
1.62573
1.62573
1.62572
1.62571
1.6257
1.62569
1.62569
1.62568
1.62567
1.62566
1.62565
1.62565
1.62564
1.62563
1.62562
1.62561
1.6256
1.6256
1.62559
1.62558
1.62557
1.62556
1.62556
1.62555
1.62554
1.62553
1.62552
1.62552
1.62551
1.6255
1.62549
1.62548
1.62548
1.62547
1.62546
1.62545
1.62544
1.62544
1.62543
1.62542
1.62541
1.6254
1.6254
1.62539
1.62538
1.62537
1.62536
1.62535
1.62535
1.62534
1.62533
1.62532
1.62531
1.62531
1.6253
1.62529
1.62528
1.62527
1.62527
1.62526
1.62525
1.62524
1.62523
1.62523
1.62522
1.62521
1.6252
1.62519
1.62519
1.62518
1.62517
1.62516
1.62515
1.62515
1.62514
1.62513
1.62512
1.62511
1.6251
1.6251
1.62509
1.62508
1.62507
1.62506
1.62506
1.62505
1.62504
1.62503
1.62502
1.62502
1.62501
1.625
1.62499
1.62498
1.62498
1.62497
1.62496
1.62495
1.62494
1.62494
1.62493
1.62492
1.62491
1.6249
1.6249
1.62489
1.62488
1.62487
1.62486
1.62485
1.62485
1.62484
1.62483
1.62482
1.62481
1.62481
1.6248
1.62479
1.62478
1.62477
1.62477
1.62476
1.62475
1.62474
1.62473
1.62473
1.62472
1.62471
1.6247
1.62469
1.62469
1.62468
1.62467
1.62466
1.62465
1.62465
1.62464
1.62463
1.62462
1.62461
1.6246
1.6246
1.62459
1.62458
1.62457
1.62456
1.62456
1.62455
1.62454
1.62453
1.62452
1.62452
1.62451
1.6245
1.62449
1.62448
1.62448
1.62447
1.62446
1.62445
1.62444
1.62444
1.62443
1.62442
1.62441
1.6244
1.6244
1.62439
1.62438
1.62437
1.62436
1.62435
1.62435
1.62434
1.62433
1.62432
1.62431
1.62431
1.6243
1.62429
1.62428
1.62427
1.62427
1.62426
1.62425
1.62424
1.62423
1.62423
1.62422
1.62421
1.6242
1.62419
1.62419
1.62418
1.62417
1.62416
1.62415
1.62415
1.62414
1.62413
1.62412
1.62411
1.6241
1.6241
1.62409
1.62408
1.62407
1.62406
1.62406
1.62405
1.62404
1.62403
1.62402
1.62402
1.62401
1.624
1.62399
1.62398
1.62398
1.62397
1.62396
1.62395
1.62394
1.62394
1.62393
1.62392
1.62391
1.6239
1.6239
1.62389
1.62388
1.62387
1.62386
1.62385
1.62385
1.62384
1.62383
1.62382
1.62381
1.62381
1.6238
1.62379
1.62378
1.62377
1.62377
1.62376
1.62375
1.62374
1.62373
1.62373
1.62372
1.62371
1.6237
1.62369
1.62369
1.62368
1.62367
1.62366
1.62365
1.62365
1.62364
1.62363
1.62362
1.62361
1.6236
1.6236
1.62359
1.62358
1.62357
1.62356
1.62356
1.62355
1.62354
1.62353
1.62352
1.62352
1.62351
1.6235
1.62349
1.62348
1.62348
1.62347
1.62346
1.62345
1.62344
1.62344
1.62343
1.62342
1.62341
1.6234
1.6234
1.62339
1.62338
1.62337
1.62336
1.62335
1.62335
1.62334
1.62333
1.62332
1.62331
1.62331
1.6233
1.62329
1.62328
1.62327
1.62327
1.62326
1.62325
1.62324
1.62323
1.62323
1.62322
1.62321
1.6232
1.62319
1.62319
1.62318
1.62317
1.62316
1.62315
1.62315
1.62314
1.62313
1.62312
1.62311
1.6231
1.6231
1.62309
1.62308
1.62307
1.62306
1.62306
1.62305
1.62304
1.62303
1.62302
1.62302
1.62301
1.623
1.62299
1.62298
1.62298
1.62297
1.62296
1.62295
1.62294
1.62294
1.62293
1.62292
1.62291
1.6229
1.6229
1.62289
1.62288
1.62287
1.62286
1.62285
1.62285
1.62284
1.62283
1.62282
1.62281
1.62281
1.6228
1.62279
1.62278
1.62277
1.62277
1.62276
1.62275
1.62274
1.62273
1.62273
1.62272
1.62271
1.6227
1.62269
1.62269
1.62268
1.62267
1.62266
1.62265
1.62265
1.62264
1.62263
1.62262
1.62261
1.6226
1.6226
1.62259
1.62258
1.62257
1.62256
1.62256
1.62255
1.62254
1.62253
1.62252
1.62252
1.62251
1.6225
1.62249
1.62248
1.62248
1.62247
1.62246
1.62245
1.62244
1.62244
1.62243
1.62242
1.62241
1.6224
1.6224
1.62239
1.62238
1.62237
1.62236
1.62235
1.62235
1.62234
1.62233
1.62232
1.62231
1.62231
1.6223
1.62229
1.62228
1.62227
1.62227
1.62226
1.62225
1.62224
1.62223
1.62223
1.62222
1.62221
1.6222
1.62219
1.62219
1.62218
1.62217
1.62216
1.62215
1.62215
1.62214
1.62213
1.62212
1.62211
1.6221
1.6221
1.62209
1.62208
1.62207
1.62206
1.62206
1.62205
1.62204
1.62203
1.62202
1.62202
1.62201
1.622
1.62199
1.62198
1.62198
1.62197
1.62196
1.62195
1.62194
1.62194
1.62193
1.62192
1.62191
1.6219
1.6219
1.62189
1.62188
1.62187
1.62186
1.62185
1.62185
1.62184
1.62183
1.62182
1.62181
1.62181
1.6218
1.62179
1.62178
1.62177
1.62177
1.62176
1.62175
1.62174
1.62173
1.62173
1.62172
1.62171
1.6217
1.62169
1.62169
1.62168
1.62167
1.62166
1.62165
1.62165
1.62164
1.62163
1.62162
1.62161
1.6216
1.6216
1.62159
1.62158
1.62157
1.62156
1.62156
1.62155
1.62154
1.62153
1.62152
1.62152
1.62151
1.6215
1.62149
1.62148
1.62148
1.62147
1.62146
1.62145
1.62144
1.62144
1.62143
1.62142
1.62141
1.6214
1.6214
1.62139
1.62138
1.62137
1.62136
1.62135
1.62135
1.62134
1.62133
1.62132
1.62131
1.62131
1.6213
1.62129
1.62128
1.62127
1.62127
1.62126
1.62125
1.62124
1.62123
1.62123
1.62122
1.62121
1.6212
1.62119
1.62119
1.62118
1.62117
1.62116
1.62115
1.62115
1.62114
1.62113
1.62112
1.62111
1.6211
1.6211
1.62109
1.62108
1.62107
1.62106
1.62106
1.62105
1.62104
1.62103
1.62102
1.62102
1.62101
1.621
1.62099
1.62098
1.62098
1.62097
1.62096
1.62095
1.62094
1.62094
1.62093
1.62092
1.62091
1.6209
1.6209
1.62089
1.62088
1.62087
1.62086
1.62085
1.62085
1.62084
1.62083
1.62082
1.62081
1.62081
1.6208
1.62079
1.62078
1.62077
1.62077
1.62076
1.62075
1.62074
1.62073
1.62073
1.62072
1.62071
1.6207
1.62069
1.62069
1.62068
1.62067
1.62066
1.62065
1.62065
1.62064
1.62063
1.62062
1.62061
1.6206
1.6206
1.62059
1.62058
1.62057
1.62056
1.62056
1.62055
1.62054
1.62053
1.62052
1.62052
1.62051
1.6205
1.62049
1.62048
1.62048
1.62047
1.62046
1.62045
1.62044
1.62044
1.62043
1.62042
1.62041
1.6204
1.6204
1.62039
1.62038
1.62037
1.62036
1.62035
1.62035
1.62034
1.62033
1.62032
1.62031
1.62031
1.6203
1.62029
1.62028
1.62027
1.62027
1.62026
1.62025
1.62024
1.62023
1.62023
1.62022
1.62021
1.6202
1.62019
1.62019
1.62018
1.62017
1.62016
1.62015
1.62015
1.62014
1.62013
1.62012
1.62011
1.6201
1.6201
1.62009
1.62008
1.62007
1.62006
1.62006
1.62005
1.62004
1.62003
1.62002
1.62002
1.62001
1.62
1.61999
1.61998
1.61998
1.61997
1.61996
1.61995
1.61994
1.61994
1.61993
1.61992
1.61991
1.6199
1.6199
1.61989
1.61988
1.61987
1.61986
1.61985
1.61985
1.61984
1.61983
1.61982
1.61981
1.61981
1.6198
1.61979
1.61978
1.61977
1.61977
1.61976
1.61975
1.61974
1.61973
1.61973
1.61972
1.61971
1.6197
1.61969
1.61969
1.61968
1.61967
1.61966
1.61965
1.61965
1.61964
1.61963
1.61962
1.61961
1.6196
1.6196
1.61959
1.61958
1.61957
1.61956
1.61956
1.61955
1.61954
1.61953
1.61952
1.61952
1.61951
1.6195
1.61949
1.61948
1.61948
1.61947
1.61946
1.61945
1.61944
1.61944
1.61943
1.61942
1.61941
1.6194
1.6194
1.61939
1.61938
1.61937
1.61936
1.61935
1.61935
1.61934
1.61933
1.61932
1.61931
1.61931
1.6193
1.61929
1.61928
1.61927
1.61927
1.61926
1.61925
1.61924
1.61923
1.61923
1.61922
1.61921
1.6192
1.61919
1.61919
1.61918
1.61917
1.61916
1.61915
1.61915
1.61914
1.61913
1.61912
1.61911
1.6191
1.6191
1.61909
1.61908
1.61907
1.61906
1.61906
1.61905
1.61904
1.61903
1.61902
1.61902
1.61901
1.619
1.61899
1.61898
1.61898
1.61897
1.61896
1.61895
1.61894
1.61894
1.61893
1.61892
1.61891
1.6189
1.6189
1.61889
1.61888
1.61887
1.61886
1.61885
1.61885
1.61884
1.61883
1.61882
1.61881
1.61881
1.6188
1.61879
1.61878
1.61877
1.61877
1.61876
1.61875
1.61874
1.61873
1.61873
1.61872
1.61871
1.6187
1.61869
1.61869
1.61868
1.61867
1.61866
1.61865
1.61865
1.61864
1.61863
1.61862
1.61861
1.6186
1.6186
1.61859
1.61858
1.61857
1.61856
1.61856
1.61855
1.61854
1.61853
1.61852
1.61852
1.61851
1.6185
1.61849
1.61848
1.61848
1.61847
1.61846
1.61845
1.61844
1.61844
1.61843
1.61842
1.61841
1.6184
1.6184
1.61839
1.61838
1.61837
1.61836
1.61835
1.61835
1.61834
1.61833
1.61832
1.61831
1.61831
1.6183
1.61829
1.61828
1.61827
1.61827
1.61826
1.61825
1.61824
1.61823
1.61823
1.61822
1.61821
1.6182
1.61819
1.61819
1.61818
1.61817
1.61816
1.61815
1.61815
1.61814
1.61813
1.61812
1.61811
1.6181
1.6181
1.61809
1.61808
1.61807
1.61806
1.61806
1.61805
1.61804
1.61803
1.61802
1.61802
1.61801
1.618
1.61799
1.61798
1.61798
1.61797
1.61796
1.61795
1.61794
1.61794
1.61793
1.61792
1.61791
1.6179
1.6179
1.61789
1.61788
1.61787
1.61786
1.61785
1.61785
1.61784
1.61783
1.61782
1.61781
1.61781
1.6178
1.61779
1.61778
1.61777
1.61777
1.61776
1.61775
1.61774
1.61773
1.61773
1.61772
1.61771
1.6177
1.61769
1.61769
1.61768
1.61767
1.61766
1.61765
1.61765
1.61764
1.61763
1.61762
1.61761
1.6176
1.6176
1.61759
1.61758
1.61757
1.61756
1.61756
1.61755
1.61754
1.61753
1.61752
1.61752
1.61751
1.6175
1.61749
1.61748
1.61748
1.61747
1.61746
1.61745
1.61744
1.61744
1.61743
1.61742
1.61741
1.6174
1.6174
1.61739
1.61738
1.61737
1.61736
1.61735
1.61735
1.61734
1.61733
1.61732
1.61731
1.61731
1.6173
1.61729
1.61728
1.61727
1.61727
1.61726
1.61725
1.61724
1.61723
1.61723
1.61722
1.61721
1.6172
1.61719
1.61719
1.61718
1.61717
1.61716
1.61715
1.61715
1.61714
1.61713
1.61712
1.61711
1.6171
1.6171
1.61709
1.61708
1.61707
1.61706
1.61706
1.61705
1.61704
1.61703
1.61702
1.61702
1.61701
1.617
1.61699
1.61698
1.61698
1.61697
1.61696
1.61695
1.61694
1.61694
1.61693
1.61692
1.61691
1.6169
1.6169
1.61689
1.61688
1.61687
1.61686
1.61685
1.61685
1.61684
1.61683
1.61682
1.61681
1.61681
1.6168
1.61679
1.61678
1.61677
1.61677
1.61676
1.61675
1.61674
1.61673
1.61673
1.61672
1.61671
1.6167
1.61669
1.61669
1.61668
1.61667
1.61666
1.61665
1.61665
1.61664
1.61663
1.61662
1.61661
1.6166
1.6166
1.61659
1.61658
1.61657
1.61656
1.61656
1.61655
1.61654
1.61653
1.61652
1.61652
1.61651
1.6165
1.61649
1.61648
1.61648
1.61647
1.61646
1.61645
1.61644
1.61644
1.61643
1.61642
1.61641
1.6164
1.6164
1.61639
1.61638
1.61637
1.61636
1.61635
1.61635
1.61634
1.61633
1.61632
1.61631
1.61631
1.6163
1.61629
1.61628
1.61627
1.61627
1.61626
1.61625
1.61624
1.61623
1.61623
1.61622
1.61621
1.6162
1.61619
1.61619
1.61618
1.61617
1.61616
1.61615
1.61615
1.61614
1.61613
1.61612
1.61611
1.6161
1.6161
1.61609
1.61608
1.61607
1.61606
1.61606
1.61605
1.61604
1.61603
1.61602
1.61602
1.61601
1.616
1.61599
1.61598
1.61598
1.61597
1.61596
1.61595
1.61594
1.61594
1.61593
1.61592
1.61591
1.6159
1.6159
1.61589
1.61588
1.61587
1.61586
1.61585
1.61585
1.61584
1.61583
1.61582
1.61581
1.61581
1.6158
1.61579
1.61578
1.61577
1.61577
1.61576
1.61575
1.61574
1.61573
1.61573
1.61572
1.61571
1.6157
1.61569
1.61569
1.61568
1.61567
1.61566
1.61565
1.61565
1.61564
1.61563
1.61562
1.61561
1.6156
1.6156
1.61559
1.61558
1.61557
1.61556
1.61556
1.61555
1.61554
1.61553
1.61552
1.61552
1.61551
1.6155
1.61549
1.61548
1.61548
1.61547
1.61546
1.61545
1.61544
1.61544
1.61543
1.61542
1.61541
1.6154
1.6154
1.61539
1.61538
1.61537
1.61536
1.61535
1.61535
1.61534
1.61533
1.61532
1.61531
1.61531
1.6153
1.61529
1.61528
1.61527
1.61527
1.61526
1.61525
1.61524
1.61523
1.61523
1.61522
1.61521
1.6152
1.61519
1.61519
1.61518
1.61517
1.61516
1.61515
1.61515
1.61514
1.61513
1.61512
1.61511
1.6151
1.6151
1.61509
1.61508
1.61507
1.61506
1.61506
1.61505
1.61504
1.61503
1.61502
1.61502
1.61501
1.615
1.61499
1.61498
1.61498
1.61497
1.61496
1.61495
1.61494
1.61494
1.61493
1.61492
1.61491
1.6149
1.6149
1.61489
1.61488
1.61487
1.61486
1.61485
1.61485
1.61484
1.61483
1.61482
1.61481
1.61481
1.6148
1.61479
1.61478
1.61477
1.61477
1.61476
1.61475
1.61474
1.61473
1.61473
1.61472
1.61471
1.6147
1.61469
1.61469
1.61468
1.61467
1.61466
1.61465
1.61465
1.61464
1.61463
1.61462
1.61461
1.6146
1.6146
1.61459
1.61458
1.61457
1.61456
1.61456
1.61455
1.61454
1.61453
1.61452
1.61452
1.61451
1.6145
1.61449
1.61448
1.61448
1.61447
1.61446
1.61445
1.61444
1.61444
1.61443
1.61442
1.61441
1.6144
1.6144
1.61439
1.61438
1.61437
1.61436
1.61435
1.61435
1.61434
1.61433
1.61432
1.61431
1.61431
1.6143
1.61429
1.61428
1.61427
1.61427
1.61426
1.61425
1.61424
1.61423
1.61423
1.61422
1.61421
1.6142
1.61419
1.61419
1.61418
1.61417
1.61416
1.61415
1.61415
1.61414
1.61413
1.61412
1.61411
1.6141
1.6141
1.61409
1.61408
1.61407
1.61406
1.61406
1.61405
1.61404
1.61403
1.61402
1.61402
1.61401
1.614
1.61399
1.61398
1.61398
1.61397
1.61396
1.61395
1.61394
1.61394
1.61393
1.61392
1.61391
1.6139
1.6139
1.61389
1.61388
1.61387
1.61386
1.61385
1.61385
1.61384
1.61383
1.61382
1.61381
1.61381
1.6138
1.61379
1.61378
1.61377
1.61377
1.61376
1.61375
1.61374
1.61373
1.61373
1.61372
1.61371
1.6137
1.61369
1.61369
1.61368
1.61367
1.61366
1.61365
1.61365
1.61364
1.61363
1.61362
1.61361
1.6136
1.6136
1.61359
1.61358
1.61357
1.61356
1.61356
1.61355
1.61354
1.61353
1.61352
1.61352
1.61351
1.6135
1.61349
1.61348
1.61348
1.61347
1.61346
1.61345
1.61344
1.61344
1.61343
1.61342
1.61341
1.6134
1.6134
1.61339
1.61338
1.61337
1.61336
1.61335
1.61335
1.61334
1.61333
1.61332
1.61331
1.61331
1.6133
1.61329
1.61328
1.61327
1.61327
1.61326
1.61325
1.61324
1.61323
1.61323
1.61322
1.61321
1.6132
1.61319
1.61319
1.61318
1.61317
1.61316
1.61315
1.61315
1.61314
1.61313
1.61312
1.61311
1.6131
1.6131
1.61309
1.61308
1.61307
1.61306
1.61306
1.61305
1.61304
1.61303
1.61302
1.61302
1.61301
1.613
1.61299
1.61298
1.61298
1.61297
1.61296
1.61295
1.61294
1.61294
1.61293
1.61292
1.61291
1.6129
1.6129
1.61289
1.61288
1.61287
1.61286
1.61285
1.61285
1.61284
1.61283
1.61282
1.61281
1.61281
1.6128
1.61279
1.61278
1.61277
1.61277
1.61276
1.61275
1.61274
1.61273
1.61273
1.61272
1.61271
1.6127
1.61269
1.61269
1.61268
1.61267
1.61266
1.61265
1.61265
1.61264
1.61263
1.61262
1.61261
1.6126
1.6126
1.61259
1.61258
1.61257
1.61256
1.61256
1.61255
1.61254
1.61253
1.61252
1.61252
1.61251
1.6125
1.61249
1.61248
1.61248
1.61247
1.61246
1.61245
1.61244
1.61244
1.61243
1.61242
1.61241
1.6124
1.6124
1.61239
1.61238
1.61237
1.61236
1.61235
1.61235
1.61234
1.61233
1.61232
1.61231
1.61231
1.6123
1.61229
1.61228
1.61227
1.61227
1.61226
1.61225
1.61224
1.61223
1.61223
1.61222
1.61221
1.6122
1.61219
1.61219
1.61218
1.61217
1.61216
1.61215
1.61215
1.61214
1.61213
1.61212
1.61211
1.6121
1.6121
1.61209
1.61208
1.61207
1.61206
1.61206
1.61205
1.61204
1.61203
1.61202
1.61202
1.61201
1.612
1.61199
1.61198
1.61198
1.61197
1.61196
1.61195
1.61194
1.61194
1.61193
1.61192
1.61191
1.6119
1.6119
1.61189
1.61188
1.61187
1.61186
1.61185
1.61185
1.61184
1.61183
1.61182
1.61181
1.61181
1.6118
1.61179
1.61178
1.61177
1.61177
1.61176
1.61175
1.61174
1.61173
1.61173
1.61172
1.61171
1.6117
1.61169
1.61169
1.61168
1.61167
1.61166
1.61165
1.61165
1.61164
1.61163
1.61162
1.61161
1.6116
1.6116
1.61159
1.61158
1.61157
1.61156
1.61156
1.61155
1.61154
1.61153
1.61152
1.61152
1.61151
1.6115
1.61149
1.61148
1.61148
1.61147
1.61146
1.61145
1.61144
1.61144
1.61143
1.61142
1.61141
1.6114
1.6114
1.61139
1.61138
1.61137
1.61136
1.61135
1.61135
1.61134
1.61133
1.61132
1.61131
1.61131
1.6113
1.61129
1.61128
1.61127
1.61127
1.61126
1.61125
1.61124
1.61123
1.61123
1.61122
1.61121
1.6112
1.61119
1.61119
1.61118
1.61117
1.61116
1.61115
1.61115
1.61114
1.61113
1.61112
1.61111
1.6111
1.6111
1.61109
1.61108
1.61107
1.61106
1.61106
1.61105
1.61104
1.61103
1.61102
1.61102
1.61101
1.611
1.61099
1.61098
1.61098
1.61097
1.61096
1.61095
1.61094
1.61094
1.61093
1.61092
1.61091
1.6109
1.6109
1.61089
1.61088
1.61087
1.61086
1.61085
1.61085
1.61084
1.61083
1.61082
1.61081
1.61081
1.6108
1.61079
1.61078
1.61077
1.61077
1.61076
1.61075
1.61074
1.61073
1.61073
1.61072
1.61071
1.6107
1.61069
1.61069
1.61068
1.61067
1.61066
1.61065
1.61065
1.61064
1.61063
1.61062
1.61061
1.6106
1.6106
1.61059
1.61058
1.61057
1.61056
1.61056
1.61055
1.61054
1.61053
1.61052
1.61052
1.61051
1.6105
1.61049
1.61048
1.61048
1.61047
1.61046
1.61045
1.61044
1.61044
1.61043
1.61042
1.61041
1.6104
1.6104
1.61039
1.61038
1.61037
1.61036
1.61035
1.61035
1.61034
1.61033
1.61032
1.61031
1.61031
1.6103
1.61029
1.61028
1.61027
1.61027
1.61026
1.61025
1.61024
1.61023
1.61023
1.61022
1.61021
1.6102
1.61019
1.61019
1.61018
1.61017
1.61016
1.61015
1.61015
1.61014
1.61013
1.61012
1.61011
1.6101
1.6101
1.61009
1.61008
1.61007
1.61006
1.61006
1.61005
1.61004
1.61003
1.61002
1.61002
1.61001
1.61
1.60999
1.60998
1.60998
1.60997
1.60996
1.60995
1.60994
1.60994
1.60993
1.60992
1.60991
1.6099
1.6099
1.60989
1.60988
1.60987
1.60986
1.60985
1.60985
1.60984
1.60983
1.60982
1.60981
1.60981
1.6098
1.60979
1.60978
1.60977
1.60977
1.60976
1.60975
1.60974
1.60973
1.60973
1.60972
1.60971
1.6097
1.60969
1.60969
1.60968
1.60967
1.60966
1.60965
1.60965
1.60964
1.60963
1.60962
1.60961
1.6096
1.6096
1.60959
1.60958
1.60957
1.60956
1.60956
1.60955
1.60954
1.60953
1.60952
1.60952
1.60951
1.6095
1.60949
1.60948
1.60948
1.60947
1.60946
1.60945
1.60944
1.60944
1.60943
1.60942
1.60941
1.6094
1.6094
1.60939
1.60938
1.60937
1.60936
1.60935
1.60935
1.60934
1.60933
1.60932
1.60931
1.60931
1.6093
1.60929
1.60928
1.60927
1.60927
1.60926
1.60925
1.60924
1.60923
1.60923
1.60922
1.60921
1.6092
1.60919
1.60919
1.60918
1.60917
1.60916
1.60915
1.60915
1.60914
1.60913
1.60912
1.60911
1.6091
1.6091
1.60909
1.60908
1.60907
1.60906
1.60906
1.60905
1.60904
1.60903
1.60902
1.60902
1.60901
1.609
1.60899
1.60898
1.60898
1.60897
1.60896
1.60895
1.60894
1.60894
1.60893
1.60892
1.60891
1.6089
1.6089
1.60889
1.60888
1.60887
1.60886
1.60885
1.60885
1.60884
1.60883
1.60882
1.60881
1.60881
1.6088
1.60879
1.60878
1.60877
1.60877
1.60876
1.60875
1.60874
1.60873
1.60873
1.60872
1.60871
1.6087
1.60869
1.60869
1.60868
1.60867
1.60866
1.60865
1.60865
1.60864
1.60863
1.60862
1.60861
1.6086
1.6086
1.60859
1.60858
1.60857
1.60856
1.60856
1.60855
1.60854
1.60853
1.60852
1.60852
1.60851
1.6085
1.60849
1.60848
1.60848
1.60847
1.60846
1.60845
1.60844
1.60844
1.60843
1.60842
1.60841
1.6084
1.6084
1.60839
1.60838
1.60837
1.60836
1.60835
1.60835
1.60834
1.60833
1.60832
1.60831
1.60831
1.6083
1.60829
1.60828
1.60827
1.60827
1.60826
1.60825
1.60824
1.60823
1.60823
1.60822
1.60821
1.6082
1.60819
1.60819
1.60818
1.60817
1.60816
1.60815
1.60815
1.60814
1.60813
1.60812
1.60811
1.6081
1.6081
1.60809
1.60808
1.60807
1.60806
1.60806
1.60805
1.60804
1.60803
1.60802
1.60802
1.60801
1.608
1.60799
1.60798
1.60798
1.60797
1.60796
1.60795
1.60794
1.60794
1.60793
1.60792
1.60791
1.6079
1.6079
1.60789
1.60788
1.60787
1.60786
1.60785
1.60785
1.60784
1.60783
1.60782
1.60781
1.60781
1.6078
1.60779
1.60778
1.60777
1.60777
1.60776
1.60775
1.60774
1.60773
1.60773
1.60772
1.60771
1.6077
1.60769
1.60769
1.60768
1.60767
1.60766
1.60765
1.60765
1.60764
1.60763
1.60762
1.60761
1.6076
1.6076
1.60759
1.60758
1.60757
1.60756
1.60756
1.60755
1.60754
1.60753
1.60752
1.60752
1.60751
1.6075
1.60749
1.60748
1.60748
1.60747
1.60746
1.60745
1.60744
1.60744
1.60743
1.60742
1.60741
1.6074
1.6074
1.60739
1.60738
1.60737
1.60736
1.60735
1.60735
1.60734
1.60733
1.60732
1.60731
1.60731
1.6073
1.60729
1.60728
1.60727
1.60727
1.60726
1.60725
1.60724
1.60723
1.60723
1.60722
1.60721
1.6072
1.60719
1.60719
1.60718
1.60717
1.60716
1.60715
1.60715
1.60714
1.60713
1.60712
1.60711
1.6071
1.6071
1.60709
1.60708
1.60707
1.60706
1.60706
1.60705
1.60704
1.60703
1.60702
1.60702
1.60701
1.607
1.60699
1.60698
1.60698
1.60697
1.60696
1.60695
1.60694
1.60694
1.60693
1.60692
1.60691
1.6069
1.6069
1.60689
1.60688
1.60687
1.60686
1.60685
1.60685
1.60684
1.60683
1.60682
1.60681
1.60681
1.6068
1.60679
1.60678
1.60677
1.60677
1.60676
1.60675
1.60674
1.60673
1.60673
1.60672
1.60671
1.6067
1.60669
1.60669
1.60668
1.60667
1.60666
1.60665
1.60665
1.60664
1.60663
1.60662
1.60661
1.6066
1.6066
1.60659
1.60658
1.60657
1.60656
1.60656
1.60655
1.60654
1.60653
1.60652
1.60652
1.60651
1.6065
1.60649
1.60648
1.60648
1.60647
1.60646
1.60645
1.60644
1.60644
1.60643
1.60642
1.60641
1.6064
1.6064
1.60639
1.60638
1.60637
1.60636
1.60635
1.60635
1.60634
1.60633
1.60632
1.60631
1.60631
1.6063
1.60629
1.60628
1.60627
1.60627
1.60626
1.60625
1.60624
1.60623
1.60623
1.60622
1.60621
1.6062
1.60619
1.60619
1.60618
1.60617
1.60616
1.60615
1.60615
1.60614
1.60613
1.60612
1.60611
1.6061
1.6061
1.60609
1.60608
1.60607
1.60606
1.60606
1.60605
1.60604
1.60603
1.60602
1.60602
1.60601
1.606
1.60599
1.60598
1.60598
1.60597
1.60596
1.60595
1.60594
1.60594
1.60593
1.60592
1.60591
1.6059
1.6059
1.60589
1.60588
1.60587
1.60586
1.60585
1.60585
1.60584
1.60583
1.60582
1.60581
1.60581
1.6058
1.60579
1.60578
1.60577
1.60577
1.60576
1.60575
1.60574
1.60573
1.60573
1.60572
1.60571
1.6057
1.60569
1.60569
1.60568
1.60567
1.60566
1.60565
1.60565
1.60564
1.60563
1.60562
1.60561
1.6056
1.6056
1.60559
1.60558
1.60557
1.60556
1.60556
1.60555
1.60554
1.60553
1.60552
1.60552
1.60551
1.6055
1.60549
1.60548
1.60548
1.60547
1.60546
1.60545
1.60544
1.60544
1.60543
1.60542
1.60541
1.6054
1.6054
1.60539
1.60538
1.60537
1.60536
1.60535
1.60535
1.60534
1.60533
1.60532
1.60531
1.60531
1.6053
1.60529
1.60528
1.60527
1.60527
1.60526
1.60525
1.60524
1.60523
1.60523
1.60522
1.60521
1.6052
1.60519
1.60519
1.60518
1.60517
1.60516
1.60515
1.60515
1.60514
1.60513
1.60512
1.60511
1.6051
1.6051
1.60509
1.60508
1.60507
1.60506
1.60506
1.60505
1.60504
1.60503
1.60502
1.60502
1.60501
1.605
1.60499
1.60498
1.60498
1.60497
1.60496
1.60495
1.60494
1.60494
1.60493
1.60492
1.60491
1.6049
1.6049
1.60489
1.60488
1.60487
1.60486
1.60485
1.60485
1.60484
1.60483
1.60482
1.60481
1.60481
1.6048
1.60479
1.60478
1.60477
1.60477
1.60476
1.60475
1.60474
1.60473
1.60473
1.60472
1.60471
1.6047
1.60469
1.60469
1.60468
1.60467
1.60466
1.60465
1.60465
1.60464
1.60463
1.60462
1.60461
1.6046
1.6046
1.60459
1.60458
1.60457
1.60456
1.60456
1.60455
1.60454
1.60453
1.60452
1.60452
1.60451
1.6045
1.60449
1.60448
1.60448
1.60447
1.60446
1.60445
1.60444
1.60444
1.60443
1.60442
1.60441
1.6044
1.6044
1.60439
1.60438
1.60437
1.60436
1.60435
1.60435
1.60434
1.60433
1.60432
1.60431
1.60431
1.6043
1.60429
1.60428
1.60427
1.60427
1.60426
1.60425
1.60424
1.60423
1.60423
1.60422
1.60421
1.6042
1.60419
1.60419
1.60418
1.60417
1.60416
1.60415
1.60415
1.60414
1.60413
1.60412
1.60411
1.6041
1.6041
1.60409
1.60408
1.60407
1.60406
1.60406
1.60405
1.60404
1.60403
1.60402
1.60402
1.60401
1.604
1.60399
1.60398
1.60398
1.60397
1.60396
1.60395
1.60394
1.60394
1.60393
1.60392
1.60391
1.6039
1.6039
1.60389
1.60388
1.60387
1.60386
1.60385
1.60385
1.60384
1.60383
1.60382
1.60381
1.60381
1.6038
1.60379
1.60378
1.60377
1.60377
1.60376
1.60375
1.60374
1.60373
1.60373
1.60372
1.60371
1.6037
1.60369
1.60369
1.60368
1.60367
1.60366
1.60365
1.60365
1.60364
1.60363
1.60362
1.60361
1.6036
1.6036
1.60359
1.60358
1.60357
1.60356
1.60356
1.60355
1.60354
1.60353
1.60352
1.60352
1.60351
1.6035
1.60349
1.60348
1.60348
1.60347
1.60346
1.60345
1.60344
1.60344
1.60343
1.60342
1.60341
1.6034
1.6034
1.60339
1.60338
1.60337
1.60336
1.60335
1.60335
1.60334
1.60333
1.60332
1.60331
1.60331
1.6033
1.60329
1.60328
1.60327
1.60327
1.60326
1.60325
1.60324
1.60323
1.60323
1.60322
1.60321
1.6032
1.60319
1.60319
1.60318
1.60317
1.60316
1.60315
1.60315
1.60314
1.60313
1.60312
1.60311
1.6031
1.6031
1.60309
1.60308
1.60307
1.60306
1.60306
1.60305
1.60304
1.60303
1.60302
1.60302
1.60301
1.603
1.60299
1.60298
1.60298
1.60297
1.60296
1.60295
1.60294
1.60294
1.60293
1.60292
1.60291
1.6029
1.6029
1.60289
1.60288
1.60287
1.60286
1.60285
1.60285
1.60284
1.60283
1.60282
1.60281
1.60281
1.6028
1.60279
1.60278
1.60277
1.60277
1.60276
1.60275
1.60274
1.60273
1.60273
1.60272
1.60271
1.6027
1.60269
1.60269
1.60268
1.60267
1.60266
1.60265
1.60265
1.60264
1.60263
1.60262
1.60261
1.6026
1.6026
1.60259
1.60258
1.60257
1.60256
1.60256
1.60255
1.60254
1.60253
1.60252
1.60252
1.60251
1.6025
1.60249
1.60248
1.60248
1.60247
1.60246
1.60245
1.60244
1.60244
1.60243
1.60242
1.60241
1.6024
1.6024
1.60239
1.60238
1.60237
1.60236
1.60235
1.60235
1.60234
1.60233
1.60232
1.60231
1.60231
1.6023
1.60229
1.60228
1.60227
1.60227
1.60226
1.60225
1.60224
1.60223
1.60223
1.60222
1.60221
1.6022
1.60219
1.60219
1.60218
1.60217
1.60216
1.60215
1.60215
1.60214
1.60213
1.60212
1.60211
1.6021
1.6021
1.60209
1.60208
1.60207
1.60206
1.60206
1.60205
1.60204
1.60203
1.60202
1.60202
1.60201
1.602
1.60199
1.60198
1.60198
1.60197
1.60196
1.60195
1.60194
1.60194
1.60193
1.60192
1.60191
1.6019
1.6019
1.60189
1.60188
1.60187
1.60186
1.60185
1.60185
1.60184
1.60183
1.60182
1.60181
1.60181
1.6018
1.60179
1.60178
1.60177
1.60177
1.60176
1.60175
1.60174
1.60173
1.60173
1.60172
1.60171
1.6017
1.60169
1.60169
1.60168
1.60167
1.60166
1.60165
1.60165
1.60164
1.60163
1.60162
1.60161
1.6016
1.6016
1.60159
1.60158
1.60157
1.60156
1.60156
1.60155
1.60154
1.60153
1.60152
1.60152
1.60151
1.6015
1.60149
1.60148
1.60148
1.60147
1.60146
1.60145
1.60144
1.60144
1.60143
1.60142
1.60141
1.6014
1.6014
1.60139
1.60138
1.60137
1.60136
1.60135
1.60135
1.60134
1.60133
1.60132
1.60131
1.60131
1.6013
1.60129
1.60128
1.60127
1.60127
1.60126
1.60125
1.60124
1.60123
1.60123
1.60122
1.60121
1.6012
1.60119
1.60119
1.60118
1.60117
1.60116
1.60115
1.60115
1.60114
1.60113
1.60112
1.60111
1.6011
1.6011
1.60109
1.60108
1.60107
1.60106
1.60106
1.60105
1.60104
1.60103
1.60102
1.60102
1.60101
1.601
1.60099
1.60098
1.60098
1.60097
1.60096
1.60095
1.60094
1.60094
1.60093
1.60092
1.60091
1.6009
1.6009
1.60089
1.60088
1.60087
1.60086
1.60085
1.60085
1.60084
1.60083
1.60082
1.60081
1.60081
1.6008
1.60079
1.60078
1.60077
1.60077
1.60076
1.60075
1.60074
1.60073
1.60073
1.60072
1.60071
1.6007
1.60069
1.60069
1.60068
1.60067
1.60066
1.60065
1.60065
1.60064
1.60063
1.60062
1.60061
1.6006
1.6006
1.60059
1.60058
1.60057
1.60056
1.60056
1.60055
1.60054
1.60053
1.60052
1.60052
1.60051
1.6005
1.60049
1.60048
1.60048
1.60047
1.60046
1.60045
1.60044
1.60044
1.60043
1.60042
1.60041
1.6004
1.6004
1.60039
1.60038
1.60037
1.60036
1.60035
1.60035
1.60034
1.60033
1.60032
1.60031
1.60031
1.6003
1.60029
1.60028
1.60027
1.60027
1.60026
1.60025
1.60024
1.60023
1.60023
1.60022
1.60021
1.6002
1.60019
1.60019
1.60018
1.60017
1.60016
1.60015
1.60015
1.60014
1.60013
1.60012
1.60011
1.6001
1.6001
1.60009
1.60008
1.60007
1.60006
1.60006
1.60005
1.60004
1.60003
1.60002
1.60002
1.60001
1.6
1.59999
1.59998
1.59998
1.59997
1.59996
1.59995
1.59994
1.59994
1.59993
1.59992
1.59991
1.5999
1.5999
1.59989
1.59988
1.59987
1.59986
1.59985
1.59985
1.59984
1.59983
1.59982
1.59981
1.59981
1.5998
1.59979
1.59978
1.59977
1.59977
1.59976
1.59975
1.59974
1.59973
1.59973
1.59972
1.59971
1.5997
1.59969
1.59969
1.59968
1.59967
1.59966
1.59965
1.59965
1.59964
1.59963
1.59962
1.59961
1.5996
1.5996
1.59959
1.59958
1.59957
1.59956
1.59956
1.59955
1.59954
1.59953
1.59952
1.59952
1.59951
1.5995
1.59949
1.59948
1.59948
1.59947
1.59946
1.59945
1.59944
1.59944
1.59943
1.59942
1.59941
1.5994
1.5994
1.59939
1.59938
1.59937
1.59936
1.59935
1.59935
1.59934
1.59933
1.59932
1.59931
1.59931
1.5993
1.59929
1.59928
1.59927
1.59927
1.59926
1.59925
1.59924
1.59923
1.59923
1.59922
1.59921
1.5992
1.59919
1.59919
1.59918
1.59917
1.59916
1.59915
1.59915
1.59914
1.59913
1.59912
1.59911
1.5991
1.5991
1.59909
1.59908
1.59907
1.59906
1.59906
1.59905
1.59904
1.59903
1.59902
1.59902
1.59901
1.599
1.59899
1.59898
1.59898
1.59897
1.59896
1.59895
1.59894
1.59894
1.59893
1.59892
1.59891
1.5989
1.5989
1.59889
1.59888
1.59887
1.59886
1.59885
1.59885
1.59884
1.59883
1.59882
1.59881
1.59881
1.5988
1.59879
1.59878
1.59877
1.59877
1.59876
1.59875
1.59874
1.59873
1.59873
1.59872
1.59871
1.5987
1.59869
1.59869
1.59868
1.59867
1.59866
1.59865
1.59865
1.59864
1.59863
1.59862
1.59861
1.5986
1.5986
1.59859
1.59858
1.59857
1.59856
1.59856
1.59855
1.59854
1.59853
1.59852
1.59852
1.59851
1.5985
1.59849
1.59848
1.59848
1.59847
1.59846
1.59845
1.59844
1.59844
1.59843
1.59842
1.59841
1.5984
1.5984
1.59839
1.59838
1.59837
1.59836
1.59835
1.59835
1.59834
1.59833
1.59832
1.59831
1.59831
1.5983
1.59829
1.59828
1.59827
1.59827
1.59826
1.59825
1.59824
1.59823
1.59823
1.59822
1.59821
1.5982
1.59819
1.59819
1.59818
1.59817
1.59816
1.59815
1.59815
1.59814
1.59813
1.59812
1.59811
1.5981
1.5981
1.59809
1.59808
1.59807
1.59806
1.59806
1.59805
1.59804
1.59803
1.59802
1.59802
1.59801
1.598
1.59799
1.59798
1.59798
1.59797
1.59796
1.59795
1.59794
1.59794
1.59793
1.59792
1.59791
1.5979
1.5979
1.59789
1.59788
1.59787
1.59786
1.59785
1.59785
1.59784
1.59783
1.59782
1.59781
1.59781
1.5978
1.59779
1.59778
1.59777
1.59777
1.59776
1.59775
1.59774
1.59773
1.59773
1.59772
1.59771
1.5977
1.59769
1.59769
1.59768
1.59767
1.59766
1.59765
1.59765
1.59764
1.59763
1.59762
1.59761
1.5976
1.5976
1.59759
1.59758
1.59757
1.59756
1.59756
1.59755
1.59754
1.59753
1.59752
1.59752
1.59751
1.5975
1.59749
1.59748
1.59748
1.59747
1.59746
1.59745
1.59744
1.59744
1.59743
1.59742
1.59741
1.5974
1.5974
1.59739
1.59738
1.59737
1.59736
1.59735
1.59735
1.59734
1.59733
1.59732
1.59731
1.59731
1.5973
1.59729
1.59728
1.59727
1.59727
1.59726
1.59725
1.59724
1.59723
1.59723
1.59722
1.59721
1.5972
1.59719
1.59719
1.59718
1.59717
1.59716
1.59715
1.59715
1.59714
1.59713
1.59712
1.59711
1.5971
1.5971
1.59709
1.59708
1.59707
1.59706
1.59706
1.59705
1.59704
1.59703
1.59702
1.59702
1.59701
1.597
1.59699
1.59698
1.59698
1.59697
1.59696
1.59695
1.59694
1.59694
1.59693
1.59692
1.59691
1.5969
1.5969
1.59689
1.59688
1.59687
1.59686
1.59685
1.59685
1.59684
1.59683
1.59682
1.59681
1.59681
1.5968
1.59679
1.59678
1.59677
1.59677
1.59676
1.59675
1.59674
1.59673
1.59673
1.59672
1.59671
1.5967
1.59669
1.59669
1.59668
1.59667
1.59666
1.59665
1.59665
1.59664
1.59663
1.59662
1.59661
1.5966
1.5966
1.59659
1.59658
1.59657
1.59656
1.59656
1.59655
1.59654
1.59653
1.59652
1.59652
1.59651
1.5965
1.59649
1.59648
1.59648
1.59647
1.59646
1.59645
1.59644
1.59644
1.59643
1.59642
1.59641
1.5964
1.5964
1.59639
1.59638
1.59637
1.59636
1.59635
1.59635
1.59634
1.59633
1.59632
1.59631
1.59631
1.5963
1.59629
1.59628
1.59627
1.59627
1.59626
1.59625
1.59624
1.59623
1.59623
1.59622
1.59621
1.5962
1.59619
1.59619
1.59618
1.59617
1.59616
1.59615
1.59615
1.59614
1.59613
1.59612
1.59611
1.5961
1.5961
1.59609
1.59608
1.59607
1.59606
1.59606
1.59605
1.59604
1.59603
1.59602
1.59602
1.59601
1.596
1.59599
1.59598
1.59598
1.59597
1.59596
1.59595
1.59594
1.59594
1.59593
1.59592
1.59591
1.5959
1.5959
1.59589
1.59588
1.59587
1.59586
1.59585
1.59585
1.59584
1.59583
1.59582
1.59581
1.59581
1.5958
1.59579
1.59578
1.59577
1.59577
1.59576
1.59575
1.59574
1.59573
1.59573
1.59572
1.59571
1.5957
1.59569
1.59569
1.59568
1.59567
1.59566
1.59565
1.59565
1.59564
1.59563
1.59562
1.59561
1.5956
1.5956
1.59559
1.59558
1.59557
1.59556
1.59556
1.59555
1.59554
1.59553
1.59552
1.59552
1.59551
1.5955
1.59549
1.59548
1.59548
1.59547
1.59546
1.59545
1.59544
1.59544
1.59543
1.59542
1.59541
1.5954
1.5954
1.59539
1.59538
1.59537
1.59536
1.59535
1.59535
1.59534
1.59533
1.59532
1.59531
1.59531
1.5953
1.59529
1.59528
1.59527
1.59527
1.59526
1.59525
1.59524
1.59523
1.59523
1.59522
1.59521
1.5952
1.59519
1.59519
1.59518
1.59517
1.59516
1.59515
1.59515
1.59514
1.59513
1.59512
1.59511
1.5951
1.5951
1.59509
1.59508
1.59507
1.59506
1.59506
1.59505
1.59504
1.59503
1.59502
1.59502
1.59501
1.595
1.59499
1.59498
1.59498
1.59497
1.59496
1.59495
1.59494
1.59494
1.59493
1.59492
1.59491
1.5949
1.5949
1.59489
1.59488
1.59487
1.59486
1.59485
1.59485
1.59484
1.59483
1.59482
1.59481
1.59481
1.5948
1.59479
1.59478
1.59477
1.59477
1.59476
1.59475
1.59474
1.59473
1.59473
1.59472
1.59471
1.5947
1.59469
1.59469
1.59468
1.59467
1.59466
1.59465
1.59465
1.59464
1.59463
1.59462
1.59461
1.5946
1.5946
1.59459
1.59458
1.59457
1.59456
1.59456
1.59455
1.59454
1.59453
1.59452
1.59452
1.59451
1.5945
1.59449
1.59448
1.59448
1.59447
1.59446
1.59445
1.59444
1.59444
1.59443
1.59442
1.59441
1.5944
1.5944
1.59439
1.59438
1.59437
1.59436
1.59435
1.59435
1.59434
1.59433
1.59432
1.59431
1.59431
1.5943
1.59429
1.59428
1.59427
1.59427
1.59426
1.59425
1.59424
1.59423
1.59423
1.59422
1.59421
1.5942
1.59419
1.59419
1.59418
1.59417
1.59416
1.59415
1.59415
1.59414
1.59413
1.59412
1.59411
1.5941
1.5941
1.59409
1.59408
1.59407
1.59406
1.59406
1.59405
1.59404
1.59403
1.59402
1.59402
1.59401
1.594
1.59399
1.59398
1.59398
1.59397
1.59396
1.59395
1.59394
1.59394
1.59393
1.59392
1.59391
1.5939
1.5939
1.59389
1.59388
1.59387
1.59386
1.59385
1.59385
1.59384
1.59383
1.59382
1.59381
1.59381
1.5938
1.59379
1.59378
1.59377
1.59377
1.59376
1.59375
1.59374
1.59373
1.59373
1.59372
1.59371
1.5937
1.59369
1.59369
1.59368
1.59367
1.59366
1.59365
1.59365
1.59364
1.59363
1.59362
1.59361
1.5936
1.5936
1.59359
1.59358
1.59357
1.59356
1.59356
1.59355
1.59354
1.59353
1.59352
1.59352
1.59351
1.5935
1.59349
1.59348
1.59348
1.59347
1.59346
1.59345
1.59344
1.59344
1.59343
1.59342
1.59341
1.5934
1.5934
1.59339
1.59338
1.59337
1.59336
1.59335
1.59335
1.59334
1.59333
1.59332
1.59331
1.59331
1.5933
1.59329
1.59328
1.59327
1.59327
1.59326
1.59325
1.59324
1.59323
1.59323
1.59322
1.59321
1.5932
1.59319
1.59319
1.59318
1.59317
1.59316
1.59315
1.59315
1.59314
1.59313
1.59312
1.59311
1.5931
1.5931
1.59309
1.59308
1.59307
1.59306
1.59306
1.59305
1.59304
1.59303
1.59302
1.59302
1.59301
1.593
1.59299
1.59298
1.59298
1.59297
1.59296
1.59295
1.59294
1.59294
1.59293
1.59292
1.59291
1.5929
1.5929
1.59289
1.59288
1.59287
1.59286
1.59285
1.59285
1.59284
1.59283
1.59282
1.59281
1.59281
1.5928
1.59279
1.59278
1.59277
1.59277
1.59276
1.59275
1.59274
1.59273
1.59273
1.59272
1.59271
1.5927
1.59269
1.59269
1.59268
1.59267
1.59266
1.59265
1.59265
1.59264
1.59263
1.59262
1.59261
1.5926
1.5926
1.59259
1.59258
1.59257
1.59256
1.59256
1.59255
1.59254
1.59253
1.59252
1.59252
1.59251
1.5925
1.59249
1.59248
1.59248
1.59247
1.59246
1.59245
1.59244
1.59244
1.59243
1.59242
1.59241
1.5924
1.5924
1.59239
1.59238
1.59237
1.59236
1.59235
1.59235
1.59234
1.59233
1.59232
1.59231
1.59231
1.5923
1.59229
1.59228
1.59227
1.59227
1.59226
1.59225
1.59224
1.59223
1.59223
1.59222
1.59221
1.5922
1.59219
1.59219
1.59218
1.59217
1.59216
1.59215
1.59215
1.59214
1.59213
1.59212
1.59211
1.5921
1.5921
1.59209
1.59208
1.59207
1.59206
1.59206
1.59205
1.59204
1.59203
1.59202
1.59202
1.59201
1.592
1.59199
1.59198
1.59198
1.59197
1.59196
1.59195
1.59194
1.59194
1.59193
1.59192
1.59191
1.5919
1.5919
1.59189
1.59188
1.59187
1.59186
1.59185
1.59185
1.59184
1.59183
1.59182
1.59181
1.59181
1.5918
1.59179
1.59178
1.59177
1.59177
1.59176
1.59175
1.59174
1.59173
1.59173
1.59172
1.59171
1.5917
1.59169
1.59169
1.59168
1.59167
1.59166
1.59165
1.59165
1.59164
1.59163
1.59162
1.59161
1.5916
1.5916
1.59159
1.59158
1.59157
1.59156
1.59156
1.59155
1.59154
1.59153
1.59152
1.59152
1.59151
1.5915
1.59149
1.59148
1.59148
1.59147
1.59146
1.59145
1.59144
1.59144
1.59143
1.59142
1.59141
1.5914
1.5914
1.59139
1.59138
1.59137
1.59136
1.59135
1.59135
1.59134
1.59133
1.59132
1.59131
1.59131
1.5913
1.59129
1.59128
1.59127
1.59127
1.59126
1.59125
1.59124
1.59123
1.59123
1.59122
1.59121
1.5912
1.59119
1.59119
1.59118
1.59117
1.59116
1.59115
1.59115
1.59114
1.59113
1.59112
1.59111
1.5911
1.5911
1.59109
1.59108
1.59107
1.59106
1.59106
1.59105
1.59104
1.59103
1.59102
1.59102
1.59101
1.591
1.59099
1.59098
1.59098
1.59097
1.59096
1.59095
1.59094
1.59094
1.59093
1.59092
1.59091
1.5909
1.5909
1.59089
1.59088
1.59087
1.59086
1.59085
1.59085
1.59084
1.59083
1.59082
1.59081
1.59081
1.5908
1.59079
1.59078
1.59077
1.59077
1.59076
1.59075
1.59074
1.59073
1.59073
1.59072
1.59071
1.5907
1.59069
1.59069
1.59068
1.59067
1.59066
1.59065
1.59065
1.59064
1.59063
1.59062
1.59061
1.5906
1.5906
1.59059
1.59058
1.59057
1.59056
1.59056
1.59055
1.59054
1.59053
1.59052
1.59052
1.59051
1.5905
1.59049
1.59048
1.59048
1.59047
1.59046
1.59045
1.59044
1.59044
1.59043
1.59042
1.59041
1.5904
1.5904
1.59039
1.59038
1.59037
1.59036
1.59035
1.59035
1.59034
1.59033
1.59032
1.59031
1.59031
1.5903
1.59029
1.59028
1.59027
1.59027
1.59026
1.59025
1.59024
1.59023
1.59023
1.59022
1.59021
1.5902
1.59019
1.59019
1.59018
1.59017
1.59016
1.59015
1.59015
1.59014
1.59013
1.59012
1.59011
1.5901
1.5901
1.59009
1.59008
1.59007
1.59006
1.59006
1.59005
1.59004
1.59003
1.59002
1.59002
1.59001
1.59
1.58999
1.58998
1.58998
1.58997
1.58996
1.58995
1.58994
1.58994
1.58993
1.58992
1.58991
1.5899
1.5899
1.58989
1.58988
1.58987
1.58986
1.58985
1.58985
1.58984
1.58983
1.58982
1.58981
1.58981
1.5898
1.58979
1.58978
1.58977
1.58977
1.58976
1.58975
1.58974
1.58973
1.58973
1.58972
1.58971
1.5897
1.58969
1.58969
1.58968
1.58967
1.58966
1.58965
1.58965
1.58964
1.58963
1.58962
1.58961
1.5896
1.5896
1.58959
1.58958
1.58957
1.58956
1.58956
1.58955
1.58954
1.58953
1.58952
1.58952
1.58951
1.5895
1.58949
1.58948
1.58948
1.58947
1.58946
1.58945
1.58944
1.58944
1.58943
1.58942
1.58941
1.5894
1.5894
1.58939
1.58938
1.58937
1.58936
1.58935
1.58935
1.58934
1.58933
1.58932
1.58931
1.58931
1.5893
1.58929
1.58928
1.58927
1.58927
1.58926
1.58925
1.58924
1.58923
1.58923
1.58922
1.58921
1.5892
1.58919
1.58919
1.58918
1.58917
1.58916
1.58915
1.58915
1.58914
1.58913
1.58912
1.58911
1.5891
1.5891
1.58909
1.58908
1.58907
1.58906
1.58906
1.58905
1.58904
1.58903
1.58902
1.58902
1.58901
1.589
1.58899
1.58898
1.58898
1.58897
1.58896
1.58895
1.58894
1.58894
1.58893
1.58892
1.58891
1.5889
1.5889
1.58889
1.58888
1.58887
1.58886
1.58885
1.58885
1.58884
1.58883
1.58882
1.58881
1.58881
1.5888
1.58879
1.58878
1.58877
1.58877
1.58876
1.58875
1.58874
1.58873
1.58873
1.58872
1.58871
1.5887
1.58869
1.58869
1.58868
1.58867
1.58866
1.58865
1.58865
1.58864
1.58863
1.58862
1.58861
1.5886
1.5886
1.58859
1.58858
1.58857
1.58856
1.58856
1.58855
1.58854
1.58853
1.58852
1.58852
1.58851
1.5885
1.58849
1.58848
1.58848
1.58847
1.58846
1.58845
1.58844
1.58844
1.58843
1.58842
1.58841
1.5884
1.5884
1.58839
1.58838
1.58837
1.58836
1.58835
1.58835
1.58834
1.58833
1.58832
1.58831
1.58831
1.5883
1.58829
1.58828
1.58827
1.58827
1.58826
1.58825
1.58824
1.58823
1.58823
1.58822
1.58821
1.5882
1.58819
1.58819
1.58818
1.58817
1.58816
1.58815
1.58815
1.58814
1.58813
1.58812
1.58811
1.5881
1.5881
1.58809
1.58808
1.58807
1.58806
1.58806
1.58805
1.58804
1.58803
1.58802
1.58802
1.58801
1.588
1.58799
1.58798
1.58798
1.58797
1.58796
1.58795
1.58794
1.58794
1.58793
1.58792
1.58791
1.5879
1.5879
1.58789
1.58788
1.58787
1.58786
1.58785
1.58785
1.58784
1.58783
1.58782
1.58781
1.58781
1.5878
1.58779
1.58778
1.58777
1.58777
1.58776
1.58775
1.58774
1.58773
1.58773
1.58772
1.58771
1.5877
1.58769
1.58769
1.58768
1.58767
1.58766
1.58765
1.58765
1.58764
1.58763
1.58762
1.58761
1.5876
1.5876
1.58759
1.58758
1.58757
1.58756
1.58756
1.58755
1.58754
1.58753
1.58752
1.58752
1.58751
1.5875
1.58749
1.58748
1.58748
1.58747
1.58746
1.58745
1.58744
1.58744
1.58743
1.58742
1.58741
1.5874
1.5874
1.58739
1.58738
1.58737
1.58736
1.58735
1.58735
1.58734
1.58733
1.58732
1.58731
1.58731
1.5873
1.58729
1.58728
1.58727
1.58727
1.58726
1.58725
1.58724
1.58723
1.58723
1.58722
1.58721
1.5872
1.58719
1.58719
1.58718
1.58717
1.58716
1.58715
1.58715
1.58714
1.58713
1.58712
1.58711
1.5871
1.5871
1.58709
1.58708
1.58707
1.58706
1.58706
1.58705
1.58704
1.58703
1.58702
1.58702
1.58701
1.587
1.58699
1.58698
1.58698
1.58697
1.58696
1.58695
1.58694
1.58694
1.58693
1.58692
1.58691
1.5869
1.5869
1.58689
1.58688
1.58687
1.58686
1.58685
1.58685
1.58684
1.58683
1.58682
1.58681
1.58681
1.5868
1.58679
1.58678
1.58677
1.58677
1.58676
1.58675
1.58674
1.58673
1.58673
1.58672
1.58671
1.5867
1.58669
1.58669
1.58668
1.58667
1.58666
1.58665
1.58665
1.58664
1.58663
1.58662
1.58661
1.5866
1.5866
1.58659
1.58658
1.58657
1.58656
1.58656
1.58655
1.58654
1.58653
1.58652
1.58652
1.58651
1.5865
1.58649
1.58648
1.58648
1.58647
1.58646
1.58645
1.58644
1.58644
1.58643
1.58642
1.58641
1.5864
1.5864
1.58639
1.58638
1.58637
1.58636
1.58635
1.58635
1.58634
1.58633
1.58632
1.58631
1.58631
1.5863
1.58629
1.58628
1.58627
1.58627
1.58626
1.58625
1.58624
1.58623
1.58623
1.58622
1.58621
1.5862
1.58619
1.58619
1.58618
1.58617
1.58616
1.58615
1.58615
1.58614
1.58613
1.58612
1.58611
1.5861
1.5861
1.58609
1.58608
1.58607
1.58606
1.58606
1.58605
1.58604
1.58603
1.58602
1.58602
1.58601
1.586
1.58599
1.58598
1.58598
1.58597
1.58596
1.58595
1.58594
1.58594
