2.18571
2.1857
2.18569
2.18569
2.18568
2.18567
2.18566
2.18565
2.18565
2.18564
2.18563
2.18562
2.18561
2.1856
2.1856
2.18559
2.18558
2.18557
2.18556
2.18556
2.18555
2.18554
2.18553
2.18552
2.18552
2.18551
2.1855
2.18549
2.18548
2.18548
2.18547
2.18546
2.18545
2.18544
2.18544
2.18543
2.18542
2.18541
2.1854
2.1854
2.18539
2.18538
2.18537
2.18536
2.18535
2.18535
2.18534
2.18533
2.18532
2.18531
2.18531
2.1853
2.18529
2.18528
2.18527
2.18527
2.18526
2.18525
2.18524
2.18523
2.18523
2.18522
2.18521
2.1852
2.18519
2.18519
2.18518
2.18517
2.18516
2.18515
2.18515
2.18514
2.18513
2.18512
2.18511
2.1851
2.1851
2.18509
2.18508
2.18507
2.18506
2.18506
2.18505
2.18504
2.18503
2.18502
2.18502
2.18501
2.185
2.18499
2.18498
2.18498
2.18497
2.18496
2.18495
2.18494
2.18494
2.18493
2.18492
2.18491
2.1849
2.1849
2.18489
2.18488
2.18487
2.18486
2.18485
2.18485
2.18484
2.18483
2.18482
2.18481
2.18481
2.1848
2.18479
2.18478
2.18477
2.18477
2.18476
2.18475
2.18474
2.18473
2.18473
2.18472
2.18471
2.1847
2.18469
2.18469
2.18468
2.18467
2.18466
2.18465
2.18465
2.18464
2.18463
2.18462
2.18461
2.1846
2.1846
2.18459
2.18458
2.18457
2.18456
2.18456
2.18455
2.18454
2.18453
2.18452
2.18452
2.18451
2.1845
2.18449
2.18448
2.18448
2.18447
2.18446
2.18445
2.18444
2.18444
2.18443
2.18442
2.18441
2.1844
2.1844
2.18439
2.18438
2.18437
2.18436
2.18435
2.18435
2.18434
2.18433
2.18432
2.18431
2.18431
2.1843
2.18429
2.18428
2.18427
2.18427
2.18426
2.18425
2.18424
2.18423
2.18423
2.18422
2.18421
2.1842
2.18419
2.18419
2.18418
2.18417
2.18416
2.18415
2.18415
2.18414
2.18413
2.18412
2.18411
2.1841
2.1841
2.18409
2.18408
2.18407
2.18406
2.18406
2.18405
2.18404
2.18403
2.18402
2.18402
2.18401
2.184
2.18399
2.18398
2.18398
2.18397
2.18396
2.18395
2.18394
2.18394
2.18393
2.18392
2.18391
2.1839
2.1839
2.18389
2.18388
2.18387
2.18386
2.18385
2.18385
2.18384
2.18383
2.18382
2.18381
2.18381
2.1838
2.18379
2.18378
2.18377
2.18377
2.18376
2.18375
2.18374
2.18373
2.18373
2.18372
2.18371
2.1837
2.18369
2.18369
2.18368
2.18367
2.18366
2.18365
2.18365
2.18364
2.18363
2.18362
2.18361
2.1836
2.1836
2.18359
2.18358
2.18357
2.18356
2.18356
2.18355
2.18354
2.18353
2.18352
2.18352
2.18351
2.1835
2.18349
2.18348
2.18348
2.18347
2.18346
2.18345
2.18344
2.18344
2.18343
2.18342
2.18341
2.1834
2.1834
2.18339
2.18338
2.18337
2.18336
2.18335
2.18335
2.18334
2.18333
2.18332
2.18331
2.18331
2.1833
2.18329
2.18328
2.18327
2.18327
2.18326
2.18325
2.18324
2.18323
2.18323
2.18322
2.18321
2.1832
2.18319
2.18319
2.18318
2.18317
2.18316
2.18315
2.18315
2.18314
2.18313
2.18312
2.18311
2.1831
2.1831
2.18309
2.18308
2.18307
2.18306
2.18306
2.18305
2.18304
2.18303
2.18302
2.18302
2.18301
2.183
2.18299
2.18298
2.18298
2.18297
2.18296
2.18295
2.18294
2.18294
2.18293
2.18292
2.18291
2.1829
2.1829
2.18289
2.18288
2.18287
2.18286
2.18285
2.18285
2.18284
2.18283
2.18282
2.18281
2.18281
2.1828
2.18279
2.18278
2.18277
2.18277
2.18276
2.18275
2.18274
2.18273
2.18273
2.18272
2.18271
2.1827
2.18269
2.18269
2.18268
2.18267
2.18266
2.18265
2.18265
2.18264
2.18263
2.18262
2.18261
2.1826
2.1826
2.18259
2.18258
2.18257
2.18256
2.18256
2.18255
2.18254
2.18253
2.18252
2.18252
2.18251
2.1825
2.18249
2.18248
2.18248
2.18247
2.18246
2.18245
2.18244
2.18244
2.18243
2.18242
2.18241
2.1824
2.1824
2.18239
2.18238
2.18237
2.18236
2.18235
2.18235
2.18234
2.18233
2.18232
2.18231
2.18231
2.1823
2.18229
2.18228
2.18227
2.18227
2.18226
2.18225
2.18224
2.18223
2.18223
2.18222
2.18221
2.1822
2.18219
2.18219
2.18218
2.18217
2.18216
2.18215
2.18215
2.18214
2.18213
2.18212
2.18211
2.1821
2.1821
2.18209
2.18208
2.18207
2.18206
2.18206
2.18205
2.18204
2.18203
2.18202
2.18202
2.18201
2.182
2.18199
2.18198
2.18198
2.18197
2.18196
2.18195
2.18194
2.18194
2.18193
2.18192
2.18191
2.1819
2.1819
2.18189
2.18188
2.18187
2.18186
2.18185
2.18185
2.18184
2.18183
2.18182
2.18181
2.18181
2.1818
2.18179
2.18178
2.18177
2.18177
2.18176
2.18175
2.18174
2.18173
2.18173
2.18172
2.18171
2.1817
2.18169
2.18169
2.18168
2.18167
2.18166
2.18165
2.18165
2.18164
2.18163
2.18162
2.18161
2.1816
2.1816
2.18159
2.18158
2.18157
2.18156
2.18156
2.18155
2.18154
2.18153
2.18152
2.18152
2.18151
2.1815
2.18149
2.18148
2.18148
2.18147
2.18146
2.18145
2.18144
2.18144
2.18143
2.18142
2.18141
2.1814
2.1814
2.18139
2.18138
2.18137
2.18136
2.18135
2.18135
2.18134
2.18133
2.18132
2.18131
2.18131
2.1813
2.18129
2.18128
2.18127
2.18127
2.18126
2.18125
2.18124
2.18123
2.18123
2.18122
2.18121
2.1812
2.18119
2.18119
2.18118
2.18117
2.18116
2.18115
2.18115
2.18114
2.18113
2.18112
2.18111
2.1811
2.1811
2.18109
2.18108
2.18107
2.18106
2.18106
2.18105
2.18104
2.18103
2.18102
2.18102
2.18101
2.181
2.18099
2.18098
2.18098
2.18097
2.18096
2.18095
2.18094
2.18094
2.18093
2.18092
2.18091
2.1809
2.1809
2.18089
2.18088
2.18087
2.18086
2.18085
2.18085
2.18084
2.18083
2.18082
2.18081
2.18081
2.1808
2.18079
2.18078
2.18077
2.18077
2.18076
2.18075
2.18074
2.18073
2.18073
2.18072
2.18071
2.1807
2.18069
2.18069
2.18068
2.18067
2.18066
2.18065
2.18065
2.18064
2.18063
2.18062
2.18061
2.1806
2.1806
2.18059
2.18058
2.18057
2.18056
2.18056
2.18055
2.18054
2.18053
2.18052
2.18052
2.18051
2.1805
2.18049
2.18048
2.18048
2.18047
2.18046
2.18045
2.18044
2.18044
2.18043
2.18042
2.18041
2.1804
2.1804
2.18039
2.18038
2.18037
2.18036
2.18035
2.18035
2.18034
2.18033
2.18032
2.18031
2.18031
2.1803
2.18029
2.18028
2.18027
2.18027
2.18026
2.18025
2.18024
2.18023
2.18023
2.18022
2.18021
2.1802
2.18019
2.18019
2.18018
2.18017
2.18016
2.18015
2.18015
2.18014
2.18013
2.18012
2.18011
2.1801
2.1801
2.18009
2.18008
2.18007
2.18006
2.18006
2.18005
2.18004
2.18003
2.18002
2.18002
2.18001
2.18
2.17999
2.17998
2.17998
2.17997
2.17996
2.17995
2.17994
2.17994
2.17993
2.17992
2.17991
2.1799
2.1799
2.17989
2.17988
2.17987
2.17986
2.17985
2.17985
2.17984
2.17983
2.17982
2.17981
2.17981
2.1798
2.17979
2.17978
2.17977
2.17977
2.17976
2.17975
2.17974
2.17973
2.17973
2.17972
2.17971
2.1797
2.17969
2.17969
2.17968
2.17967
2.17966
2.17965
2.17965
2.17964
2.17963
2.17962
2.17961
2.1796
2.1796
2.17959
2.17958
2.17957
2.17956
2.17956
2.17955
2.17954
2.17953
2.17952
2.17952
2.17951
2.1795
2.17949
2.17948
2.17948
2.17947
2.17946
2.17945
2.17944
2.17944
2.17943
2.17942
2.17941
2.1794
2.1794
2.17939
2.17938
2.17937
2.17936
2.17935
2.17935
2.17934
2.17933
2.17932
2.17931
2.17931
2.1793
2.17929
2.17928
2.17927
2.17927
2.17926
2.17925
2.17924
2.17923
2.17923
2.17922
2.17921
2.1792
2.17919
2.17919
2.17918
2.17917
2.17916
2.17915
2.17915
2.17914
2.17913
2.17912
2.17911
2.1791
2.1791
2.17909
2.17908
2.17907
2.17906
2.17906
2.17905
2.17904
2.17903
2.17902
2.17902
2.17901
2.179
2.17899
2.17898
2.17898
2.17897
2.17896
2.17895
2.17894
2.17894
2.17893
2.17892
2.17891
2.1789
2.1789
2.17889
2.17888
2.17887
2.17886
2.17885
2.17885
2.17884
2.17883
2.17882
2.17881
2.17881
2.1788
2.17879
2.17878
2.17877
2.17877
2.17876
2.17875
2.17874
2.17873
2.17873
2.17872
2.17871
2.1787
2.17869
2.17869
2.17868
2.17867
2.17866
2.17865
2.17865
2.17864
2.17863
2.17862
2.17861
2.1786
2.1786
2.17859
2.17858
2.17857
2.17856
2.17856
2.17855
2.17854
2.17853
2.17852
2.17852
2.17851
2.1785
2.17849
2.17848
2.17848
2.17847
2.17846
2.17845
2.17844
2.17844
2.17843
2.17842
2.17841
2.1784
2.1784
2.17839
2.17838
2.17837
2.17836
2.17835
2.17835
2.17834
2.17833
2.17832
2.17831
2.17831
2.1783
2.17829
2.17828
2.17827
2.17827
2.17826
2.17825
2.17824
2.17823
2.17823
2.17822
2.17821
2.1782
2.17819
2.17819
2.17818
2.17817
2.17816
2.17815
2.17815
2.17814
2.17813
2.17812
2.17811
2.1781
2.1781
2.17809
2.17808
2.17807
2.17806
2.17806
2.17805
2.17804
2.17803
2.17802
2.17802
2.17801
2.178
2.17799
2.17798
2.17798
2.17797
2.17796
2.17795
2.17794
2.17794
2.17793
2.17792
2.17791
2.1779
2.1779
2.17789
2.17788
2.17787
2.17786
2.17785
2.17785
2.17784
2.17783
2.17782
2.17781
2.17781
2.1778
2.17779
2.17778
2.17777
2.17777
2.17776
2.17775
2.17774
2.17773
2.17773
2.17772
2.17771
2.1777
2.17769
2.17769
2.17768
2.17767
2.17766
2.17765
2.17765
2.17764
2.17763
2.17762
2.17761
2.1776
2.1776
2.17759
2.17758
2.17757
2.17756
2.17756
2.17755
2.17754
2.17753
2.17752
2.17752
2.17751
2.1775
2.17749
2.17748
2.17748
2.17747
2.17746
2.17745
2.17744
2.17744
2.17743
2.17742
2.17741
2.1774
2.1774
2.17739
2.17738
2.17737
2.17736
2.17735
2.17735
2.17734
2.17733
2.17732
2.17731
2.17731
2.1773
2.17729
2.17728
2.17727
2.17727
2.17726
2.17725
2.17724
2.17723
2.17723
2.17722
2.17721
2.1772
2.17719
2.17719
2.17718
2.17717
2.17716
2.17715
2.17715
2.17714
2.17713
2.17712
2.17711
2.1771
2.1771
2.17709
2.17708
2.17707
2.17706
2.17706
2.17705
2.17704
2.17703
2.17702
2.17702
2.17701
2.177
2.17699
2.17698
2.17698
2.17697
2.17696
2.17695
2.17694
2.17694
2.17693
2.17692
2.17691
2.1769
2.1769
2.17689
2.17688
2.17687
2.17686
2.17685
2.17685
2.17684
2.17683
2.17682
2.17681
2.17681
2.1768
2.17679
2.17678
2.17677
2.17677
2.17676
2.17675
2.17674
2.17673
2.17673
2.17672
2.17671
2.1767
2.17669
2.17669
2.17668
2.17667
2.17666
2.17665
2.17665
2.17664
2.17663
2.17662
2.17661
2.1766
2.1766
2.17659
2.17658
2.17657
2.17656
2.17656
2.17655
2.17654
2.17653
2.17652
2.17652
2.17651
2.1765
2.17649
2.17648
2.17648
2.17647
2.17646
2.17645
2.17644
2.17644
2.17643
2.17642
2.17641
2.1764
2.1764
2.17639
2.17638
2.17637
2.17636
2.17635
2.17635
2.17634
2.17633
2.17632
2.17631
2.17631
2.1763
2.17629
2.17628
2.17627
2.17627
2.17626
2.17625
2.17624
2.17623
2.17623
2.17622
2.17621
2.1762
2.17619
2.17619
2.17618
2.17617
2.17616
2.17615
2.17615
2.17614
2.17613
2.17612
2.17611
2.1761
2.1761
2.17609
2.17608
2.17607
2.17606
2.17606
2.17605
2.17604
2.17603
2.17602
2.17602
2.17601
2.176
2.17599
2.17598
2.17598
2.17597
2.17596
2.17595
2.17594
2.17594
2.17593
2.17592
2.17591
2.1759
2.1759
2.17589
2.17588
2.17587
2.17586
2.17585
2.17585
2.17584
2.17583
2.17582
2.17581
2.17581
2.1758
2.17579
2.17578
2.17577
2.17577
2.17576
2.17575
2.17574
2.17573
2.17573
2.17572
2.17571
2.1757
2.17569
2.17569
2.17568
2.17567
2.17566
2.17565
2.17565
2.17564
2.17563
2.17562
2.17561
2.1756
2.1756
2.17559
2.17558
2.17557
2.17556
2.17556
2.17555
2.17554
2.17553
2.17552
2.17552
2.17551
2.1755
2.17549
2.17548
2.17548
2.17547
2.17546
2.17545
2.17544
2.17544
2.17543
2.17542
2.17541
2.1754
2.1754
2.17539
2.17538
2.17537
2.17536
2.17535
2.17535
2.17534
2.17533
2.17532
2.17531
2.17531
2.1753
2.17529
2.17528
2.17527
2.17527
2.17526
2.17525
2.17524
2.17523
2.17523
2.17522
2.17521
2.1752
2.17519
2.17519
2.17518
2.17517
2.17516
2.17515
2.17515
2.17514
2.17513
2.17512
2.17511
2.1751
2.1751
2.17509
2.17508
2.17507
2.17506
2.17506
2.17505
2.17504
2.17503
2.17502
2.17502
2.17501
2.175
2.17499
2.17498
2.17498
2.17497
2.17496
2.17495
2.17494
2.17494
2.17493
2.17492
2.17491
2.1749
2.1749
2.17489
2.17488
2.17487
2.17486
2.17485
2.17485
2.17484
2.17483
2.17482
2.17481
2.17481
2.1748
2.17479
2.17478
2.17477
2.17477
2.17476
2.17475
2.17474
2.17473
2.17473
2.17472
2.17471
2.1747
2.17469
2.17469
2.17468
2.17467
2.17466
2.17465
2.17465
2.17464
2.17463
2.17462
2.17461
2.1746
2.1746
2.17459
2.17458
2.17457
2.17456
2.17456
2.17455
2.17454
2.17453
2.17452
2.17452
2.17451
2.1745
2.17449
2.17448
2.17448
2.17447
2.17446
2.17445
2.17444
2.17444
2.17443
2.17442
2.17441
2.1744
2.1744
2.17439
2.17438
2.17437
2.17436
2.17435
2.17435
2.17434
2.17433
2.17432
2.17431
2.17431
2.1743
2.17429
2.17428
2.17427
2.17427
2.17426
2.17425
2.17424
2.17423
2.17423
2.17422
2.17421
2.1742
2.17419
2.17419
2.17418
2.17417
2.17416
2.17415
2.17415
2.17414
2.17413
2.17412
2.17411
2.1741
2.1741
2.17409
2.17408
2.17407
2.17406
2.17406
2.17405
2.17404
2.17403
2.17402
2.17402
2.17401
2.174
2.17399
2.17398
2.17398
2.17397
2.17396
2.17395
2.17394
2.17394
2.17393
2.17392
2.17391
2.1739
2.1739
2.17389
2.17388
2.17387
2.17386
2.17385
2.17385
2.17384
2.17383
2.17382
2.17381
2.17381
2.1738
2.17379
2.17378
2.17377
2.17377
2.17376
2.17375
2.17374
2.17373
2.17373
2.17372
2.17371
2.1737
2.17369
2.17369
2.17368
2.17367
2.17366
2.17365
2.17365
2.17364
2.17363
2.17362
2.17361
2.1736
2.1736
2.17359
2.17358
2.17357
2.17356
2.17356
2.17355
2.17354
2.17353
2.17352
2.17352
2.17351
2.1735
2.17349
2.17348
2.17348
2.17347
2.17346
2.17345
2.17344
2.17344
2.17343
2.17342
2.17341
2.1734
2.1734
2.17339
2.17338
2.17337
2.17336
2.17335
2.17335
2.17334
2.17333
2.17332
2.17331
2.17331
2.1733
2.17329
2.17328
2.17327
2.17327
2.17326
2.17325
2.17324
2.17323
2.17323
2.17322
2.17321
2.1732
2.17319
2.17319
2.17318
2.17317
2.17316
2.17315
2.17315
2.17314
2.17313
2.17312
2.17311
2.1731
2.1731
2.17309
2.17308
2.17307
2.17306
2.17306
2.17305
2.17304
2.17303
2.17302
2.17302
2.17301
2.173
2.17299
2.17298
2.17298
2.17297
2.17296
2.17295
2.17294
2.17294
2.17293
2.17292
2.17291
2.1729
2.1729
2.17289
2.17288
2.17287
2.17286
2.17285
2.17285
2.17284
2.17283
2.17282
2.17281
2.17281
2.1728
2.17279
2.17278
2.17277
2.17277
2.17276
2.17275
2.17274
2.17273
2.17273
2.17272
2.17271
2.1727
2.17269
2.17269
2.17268
2.17267
2.17266
2.17265
2.17265
2.17264
2.17263
2.17262
2.17261
2.1726
2.1726
2.17259
2.17258
2.17257
2.17256
2.17256
2.17255
2.17254
2.17253
2.17252
2.17252
2.17251
2.1725
2.17249
2.17248
2.17248
2.17247
2.17246
2.17245
2.17244
2.17244
2.17243
2.17242
2.17241
2.1724
2.1724
2.17239
2.17238
2.17237
2.17236
2.17235
2.17235
2.17234
2.17233
2.17232
2.17231
2.17231
2.1723
2.17229
2.17228
2.17227
2.17227
2.17226
2.17225
2.17224
2.17223
2.17223
2.17222
2.17221
2.1722
2.17219
2.17219
2.17218
2.17217
2.17216
2.17215
2.17215
2.17214
2.17213
2.17212
2.17211
2.1721
2.1721
2.17209
2.17208
2.17207
2.17206
2.17206
2.17205
2.17204
2.17203
2.17202
2.17202
2.17201
2.172
2.17199
2.17198
2.17198
2.17197
2.17196
2.17195
2.17194
2.17194
2.17193
2.17192
2.17191
2.1719
2.1719
2.17189
2.17188
2.17187
2.17186
2.17185
2.17185
2.17184
2.17183
2.17182
2.17181
2.17181
2.1718
2.17179
2.17178
2.17177
2.17177
2.17176
2.17175
2.17174
2.17173
2.17173
2.17172
2.17171
2.1717
2.17169
2.17169
2.17168
2.17167
2.17166
2.17165
2.17165
2.17164
2.17163
2.17162
2.17161
2.1716
2.1716
2.17159
2.17158
2.17157
2.17156
2.17156
2.17155
2.17154
2.17153
2.17152
2.17152
2.17151
2.1715
2.17149
2.17148
2.17148
2.17147
2.17146
2.17145
2.17144
2.17144
2.17143
2.17142
2.17141
2.1714
2.1714
2.17139
2.17138
2.17137
2.17136
2.17135
2.17135
2.17134
2.17133
2.17132
2.17131
2.17131
2.1713
2.17129
2.17128
2.17127
2.17127
2.17126
2.17125
2.17124
2.17123
2.17123
2.17122
2.17121
2.1712
2.17119
2.17119
2.17118
2.17117
2.17116
2.17115
2.17115
2.17114
2.17113
2.17112
2.17111
2.1711
2.1711
2.17109
2.17108
2.17107
2.17106
2.17106
2.17105
2.17104
2.17103
2.17102
2.17102
2.17101
2.171
2.17099
2.17098
2.17098
2.17097
2.17096
2.17095
2.17094
2.17094
2.17093
2.17092
2.17091
2.1709
2.1709
2.17089
2.17088
2.17087
2.17086
2.17085
2.17085
2.17084
2.17083
2.17082
2.17081
2.17081
2.1708
2.17079
2.17078
2.17077
2.17077
2.17076
2.17075
2.17074
2.17073
2.17073
2.17072
2.17071
2.1707
2.17069
2.17069
2.17068
2.17067
2.17066
2.17065
2.17065
2.17064
2.17063
2.17062
2.17061
2.1706
2.1706
2.17059
2.17058
2.17057
2.17056
2.17056
2.17055
2.17054
2.17053
2.17052
2.17052
2.17051
2.1705
2.17049
2.17048
2.17048
2.17047
2.17046
2.17045
2.17044
2.17044
2.17043
2.17042
2.17041
2.1704
2.1704
2.17039
2.17038
2.17037
2.17036
2.17035
2.17035
2.17034
2.17033
2.17032
2.17031
2.17031
2.1703
2.17029
2.17028
2.17027
2.17027
2.17026
2.17025
2.17024
2.17023
2.17023
2.17022
2.17021
2.1702
2.17019
2.17019
2.17018
2.17017
2.17016
2.17015
2.17015
2.17014
2.17013
2.17012
2.17011
2.1701
2.1701
2.17009
2.17008
2.17007
2.17006
2.17006
2.17005
2.17004
2.17003
2.17002
2.17002
2.17001
2.17
2.16999
2.16998
2.16998
2.16997
2.16996
2.16995
2.16994
2.16994
2.16993
2.16992
2.16991
2.1699
2.1699
2.16989
2.16988
2.16987
2.16986
2.16985
2.16985
2.16984
2.16983
2.16982
2.16981
2.16981
2.1698
2.16979
2.16978
2.16977
2.16977
2.16976
2.16975
2.16974
2.16973
2.16973
2.16972
2.16971
2.1697
2.16969
2.16969
2.16968
2.16967
2.16966
2.16965
2.16965
2.16964
2.16963
2.16962
2.16961
2.1696
2.1696
2.16959
2.16958
2.16957
2.16956
2.16956
2.16955
2.16954
2.16953
2.16952
2.16952
2.16951
2.1695
2.16949
2.16948
2.16948
2.16947
2.16946
2.16945
2.16944
2.16944
2.16943
2.16942
2.16941
2.1694
2.1694
2.16939
2.16938
2.16937
2.16936
2.16935
2.16935
2.16934
2.16933
2.16932
2.16931
2.16931
2.1693
2.16929
2.16928
2.16927
2.16927
2.16926
2.16925
2.16924
2.16923
2.16923
2.16922
2.16921
2.1692
2.16919
2.16919
2.16918
2.16917
2.16916
2.16915
2.16915
2.16914
2.16913
2.16912
2.16911
2.1691
2.1691
2.16909
2.16908
2.16907
2.16906
2.16906
2.16905
2.16904
2.16903
2.16902
2.16902
2.16901
2.169
2.16899
2.16898
2.16898
2.16897
2.16896
2.16895
2.16894
2.16894
2.16893
2.16892
2.16891
2.1689
2.1689
2.16889
2.16888
2.16887
2.16886
2.16885
2.16885
2.16884
2.16883
2.16882
2.16881
2.16881
2.1688
2.16879
2.16878
2.16877
2.16877
2.16876
2.16875
2.16874
2.16873
2.16873
2.16872
2.16871
2.1687
2.16869
2.16869
2.16868
2.16867
2.16866
2.16865
2.16865
2.16864
2.16863
2.16862
2.16861
2.1686
2.1686
2.16859
2.16858
2.16857
2.16856
2.16856
2.16855
2.16854
2.16853
2.16852
2.16852
2.16851
2.1685
2.16849
2.16848
2.16848
2.16847
2.16846
2.16845
2.16844
2.16844
2.16843
2.16842
2.16841
2.1684
2.1684
2.16839
2.16838
2.16837
2.16836
2.16835
2.16835
2.16834
2.16833
2.16832
2.16831
2.16831
2.1683
2.16829
2.16828
2.16827
2.16827
2.16826
2.16825
2.16824
2.16823
2.16823
2.16822
2.16821
2.1682
2.16819
2.16819
2.16818
2.16817
2.16816
2.16815
2.16815
2.16814
2.16813
2.16812
2.16811
2.1681
2.1681
2.16809
2.16808
2.16807
2.16806
2.16806
2.16805
2.16804
2.16803
2.16802
2.16802
2.16801
2.168
2.16799
2.16798
2.16798
2.16797
2.16796
2.16795
2.16794
2.16794
2.16793
2.16792
2.16791
2.1679
2.1679
2.16789
2.16788
2.16787
2.16786
2.16785
2.16785
2.16784
2.16783
2.16782
2.16781
2.16781
2.1678
2.16779
2.16778
2.16777
2.16777
2.16776
2.16775
2.16774
2.16773
2.16773
2.16772
2.16771
2.1677
2.16769
2.16769
2.16768
2.16767
2.16766
2.16765
2.16765
2.16764
2.16763
2.16762
2.16761
2.1676
2.1676
2.16759
2.16758
2.16757
2.16756
2.16756
2.16755
2.16754
2.16753
2.16752
2.16752
2.16751
2.1675
2.16749
2.16748
2.16748
2.16747
2.16746
2.16745
2.16744
2.16744
2.16743
2.16742
2.16741
2.1674
2.1674
2.16739
2.16738
2.16737
2.16736
2.16735
2.16735
2.16734
2.16733
2.16732
2.16731
2.16731
2.1673
2.16729
2.16728
2.16727
2.16727
2.16726
2.16725
2.16724
2.16723
2.16723
2.16722
2.16721
2.1672
2.16719
2.16719
2.16718
2.16717
2.16716
2.16715
2.16715
2.16714
2.16713
2.16712
2.16711
2.1671
2.1671
2.16709
2.16708
2.16707
2.16706
2.16706
2.16705
2.16704
2.16703
2.16702
2.16702
2.16701
2.167
2.16699
2.16698
2.16698
2.16697
2.16696
2.16695
2.16694
2.16694
2.16693
2.16692
2.16691
2.1669
2.1669
2.16689
2.16688
2.16687
2.16686
2.16685
2.16685
2.16684
2.16683
2.16682
2.16681
2.16681
2.1668
2.16679
2.16678
2.16677
2.16677
2.16676
2.16675
2.16674
2.16673
2.16673
2.16672
2.16671
2.1667
2.16669
2.16669
2.16668
2.16667
2.16666
2.16665
2.16665
2.16664
2.16663
2.16662
2.16661
2.1666
2.1666
2.16659
2.16658
2.16657
2.16656
2.16656
2.16655
2.16654
2.16653
2.16652
2.16652
2.16651
2.1665
2.16649
2.16648
2.16648
2.16647
2.16646
2.16645
2.16644
2.16644
2.16643
2.16642
2.16641
2.1664
2.1664
2.16639
2.16638
2.16637
2.16636
2.16635
2.16635
2.16634
2.16633
2.16632
2.16631
2.16631
2.1663
2.16629
2.16628
2.16627
2.16627
2.16626
2.16625
2.16624
2.16623
2.16623
2.16622
2.16621
2.1662
2.16619
2.16619
2.16618
2.16617
2.16616
2.16615
2.16615
2.16614
2.16613
2.16612
2.16611
2.1661
2.1661
2.16609
2.16608
2.16607
2.16606
2.16606
2.16605
2.16604
2.16603
2.16602
2.16602
2.16601
2.166
2.16599
2.16598
2.16598
2.16597
2.16596
2.16595
2.16594
2.16594
2.16593
2.16592
2.16591
2.1659
2.1659
2.16589
2.16588
2.16587
2.16586
2.16585
2.16585
2.16584
2.16583
2.16582
2.16581
2.16581
2.1658
2.16579
2.16578
2.16577
2.16577
2.16576
2.16575
2.16574
2.16573
2.16573
2.16572
2.16571
2.1657
2.16569
2.16569
2.16568
2.16567
2.16566
2.16565
2.16565
2.16564
2.16563
2.16562
2.16561
2.1656
2.1656
2.16559
2.16558
2.16557
2.16556
2.16556
2.16555
2.16554
2.16553
2.16552
2.16552
2.16551
2.1655
2.16549
2.16548
2.16548
2.16547
2.16546
2.16545
2.16544
2.16544
2.16543
2.16542
2.16541
2.1654
2.1654
2.16539
2.16538
2.16537
2.16536
2.16535
2.16535
2.16534
2.16533
2.16532
2.16531
2.16531
2.1653
2.16529
2.16528
2.16527
2.16527
2.16526
2.16525
2.16524
2.16523
2.16523
2.16522
2.16521
2.1652
2.16519
2.16519
2.16518
2.16517
2.16516
2.16515
2.16515
2.16514
2.16513
2.16512
2.16511
2.1651
2.1651
2.16509
2.16508
2.16507
2.16506
2.16506
2.16505
2.16504
2.16503
2.16502
2.16502
2.16501
2.165
2.16499
2.16498
2.16498
2.16497
2.16496
2.16495
2.16494
2.16494
2.16493
2.16492
2.16491
2.1649
2.1649
2.16489
2.16488
2.16487
2.16486
2.16485
2.16485
2.16484
2.16483
2.16482
2.16481
2.16481
2.1648
2.16479
2.16478
2.16477
2.16477
2.16476
2.16475
2.16474
2.16473
2.16473
2.16472
2.16471
2.1647
2.16469
2.16469
2.16468
2.16467
2.16466
2.16465
2.16465
2.16464
2.16463
2.16462
2.16461
2.1646
2.1646
2.16459
2.16458
2.16457
2.16456
2.16456
2.16455
2.16454
2.16453
2.16452
2.16452
2.16451
2.1645
2.16449
2.16448
2.16448
2.16447
2.16446
2.16445
2.16444
2.16444
2.16443
2.16442
2.16441
2.1644
2.1644
2.16439
2.16438
2.16437
2.16436
2.16435
2.16435
2.16434
2.16433
2.16432
2.16431
2.16431
2.1643
2.16429
2.16428
2.16427
2.16427
2.16426
2.16425
2.16424
2.16423
2.16423
2.16422
2.16421
2.1642
2.16419
2.16419
2.16418
2.16417
2.16416
2.16415
2.16415
2.16414
2.16413
2.16412
2.16411
2.1641
2.1641
2.16409
2.16408
2.16407
2.16406
2.16406
2.16405
2.16404
2.16403
2.16402
2.16402
2.16401
2.164
2.16399
2.16398
2.16398
2.16397
2.16396
2.16395
2.16394
2.16394
2.16393
2.16392
2.16391
2.1639
2.1639
2.16389
2.16388
2.16387
2.16386
2.16385
2.16385
2.16384
2.16383
2.16382
2.16381
2.16381
2.1638
2.16379
2.16378
2.16377
2.16377
2.16376
2.16375
2.16374
2.16373
2.16373
2.16372
2.16371
2.1637
2.16369
2.16369
2.16368
2.16367
2.16366
2.16365
2.16365
2.16364
2.16363
2.16362
2.16361
2.1636
2.1636
2.16359
2.16358
2.16357
2.16356
2.16356
2.16355
2.16354
2.16353
2.16352
2.16352
2.16351
2.1635
2.16349
2.16348
2.16348
2.16347
2.16346
2.16345
2.16344
2.16344
2.16343
2.16342
2.16341
2.1634
2.1634
2.16339
2.16338
2.16337
2.16336
2.16335
2.16335
2.16334
2.16333
2.16332
2.16331
2.16331
2.1633
2.16329
2.16328
2.16327
2.16327
2.16326
2.16325
2.16324
2.16323
2.16323
2.16322
2.16321
2.1632
2.16319
2.16319
2.16318
2.16317
2.16316
2.16315
2.16315
2.16314
2.16313
2.16312
2.16311
2.1631
2.1631
2.16309
2.16308
2.16307
2.16306
2.16306
2.16305
2.16304
2.16303
2.16302
2.16302
2.16301
2.163
2.16299
2.16298
2.16298
2.16297
2.16296
2.16295
2.16294
2.16294
2.16293
2.16292
2.16291
2.1629
2.1629
2.16289
2.16288
2.16287
2.16286
2.16285
2.16285
2.16284
2.16283
2.16282
2.16281
2.16281
2.1628
2.16279
2.16278
2.16277
2.16277
2.16276
2.16275
2.16274
2.16273
2.16273
2.16272
2.16271
2.1627
2.16269
2.16269
2.16268
2.16267
2.16266
2.16265
2.16265
2.16264
2.16263
2.16262
2.16261
2.1626
2.1626
2.16259
2.16258
2.16257
2.16256
2.16256
2.16255
2.16254
2.16253
2.16252
2.16252
2.16251
2.1625
2.16249
2.16248
2.16248
2.16247
2.16246
2.16245
2.16244
2.16244
2.16243
2.16242
2.16241
2.1624
2.1624
2.16239
2.16238
2.16237
2.16236
2.16235
2.16235
2.16234
2.16233
2.16232
2.16231
2.16231
2.1623
2.16229
2.16228
2.16227
2.16227
2.16226
2.16225
2.16224
2.16223
2.16223
2.16222
2.16221
2.1622
2.16219
2.16219
2.16218
2.16217
2.16216
2.16215
2.16215
2.16214
2.16213
2.16212
2.16211
2.1621
2.1621
2.16209
2.16208
2.16207
2.16206
2.16206
2.16205
2.16204
2.16203
2.16202
2.16202
2.16201
2.162
2.16199
2.16198
2.16198
2.16197
2.16196
2.16195
2.16194
2.16194
2.16193
2.16192
2.16191
2.1619
2.1619
2.16189
2.16188
2.16187
2.16186
2.16185
2.16185
2.16184
2.16183
2.16182
2.16181
2.16181
2.1618
2.16179
2.16178
2.16177
2.16177
2.16176
2.16175
2.16174
2.16173
2.16173
2.16172
2.16171
2.1617
2.16169
2.16169
2.16168
2.16167
2.16166
2.16165
2.16165
2.16164
2.16163
2.16162
2.16161
2.1616
2.1616
2.16159
2.16158
2.16157
2.16156
2.16156
2.16155
2.16154
2.16153
2.16152
2.16152
2.16151
2.1615
2.16149
2.16148
2.16148
2.16147
2.16146
2.16145
2.16144
2.16144
2.16143
2.16142
2.16141
2.1614
2.1614
2.16139
2.16138
2.16137
2.16136
2.16135
2.16135
2.16134
2.16133
2.16132
2.16131
2.16131
2.1613
2.16129
2.16128
2.16127
2.16127
2.16126
2.16125
2.16124
2.16123
2.16123
2.16122
2.16121
2.1612
2.16119
2.16119
2.16118
2.16117
2.16116
2.16115
2.16115
2.16114
2.16113
2.16112
2.16111
2.1611
2.1611
2.16109
2.16108
2.16107
2.16106
2.16106
2.16105
2.16104
2.16103
2.16102
2.16102
2.16101
2.161
2.16099
2.16098
2.16098
2.16097
2.16096
2.16095
2.16094
2.16094
2.16093
2.16092
2.16091
2.1609
2.1609
2.16089
2.16088
2.16087
2.16086
2.16085
2.16085
2.16084
2.16083
2.16082
2.16081
2.16081
2.1608
2.16079
2.16078
2.16077
2.16077
2.16076
2.16075
2.16074
2.16073
2.16073
2.16072
2.16071
2.1607
2.16069
2.16069
2.16068
2.16067
2.16066
2.16065
2.16065
2.16064
2.16063
2.16062
2.16061
2.1606
2.1606
2.16059
2.16058
2.16057
2.16056
2.16056
2.16055
2.16054
2.16053
2.16052
2.16052
2.16051
2.1605
2.16049
2.16048
2.16048
2.16047
2.16046
2.16045
2.16044
2.16044
2.16043
2.16042
2.16041
2.1604
2.1604
2.16039
2.16038
2.16037
2.16036
2.16035
2.16035
2.16034
2.16033
2.16032
2.16031
2.16031
2.1603
2.16029
2.16028
2.16027
2.16027
2.16026
2.16025
2.16024
2.16023
2.16023
2.16022
2.16021
2.1602
2.16019
2.16019
2.16018
2.16017
2.16016
2.16015
2.16015
2.16014
2.16013
2.16012
2.16011
2.1601
2.1601
2.16009
2.16008
2.16007
2.16006
2.16006
2.16005
2.16004
2.16003
2.16002
2.16002
2.16001
2.16
2.15999
2.15998
2.15998
2.15997
2.15996
2.15995
2.15994
2.15994
2.15993
2.15992
2.15991
2.1599
2.1599
2.15989
2.15988
2.15987
2.15986
2.15985
2.15985
2.15984
2.15983
2.15982
2.15981
2.15981
2.1598
2.15979
2.15978
2.15977
2.15977
2.15976
2.15975
2.15974
2.15973
2.15973
2.15972
2.15971
2.1597
2.15969
2.15969
2.15968
2.15967
2.15966
2.15965
2.15965
2.15964
2.15963
2.15962
2.15961
2.1596
2.1596
2.15959
2.15958
2.15957
2.15956
2.15956
2.15955
2.15954
2.15953
2.15952
2.15952
2.15951
2.1595
2.15949
2.15948
2.15948
2.15947
2.15946
2.15945
2.15944
2.15944
2.15943
2.15942
2.15941
2.1594
2.1594
2.15939
2.15938
2.15937
2.15936
2.15935
2.15935
2.15934
2.15933
2.15932
2.15931
2.15931
2.1593
2.15929
2.15928
2.15927
2.15927
2.15926
2.15925
2.15924
2.15923
2.15923
2.15922
2.15921
2.1592
2.15919
2.15919
2.15918
2.15917
2.15916
2.15915
2.15915
2.15914
2.15913
2.15912
2.15911
2.1591
2.1591
2.15909
2.15908
2.15907
2.15906
2.15906
2.15905
2.15904
2.15903
2.15902
2.15902
2.15901
2.159
2.15899
2.15898
2.15898
2.15897
2.15896
2.15895
2.15894
2.15894
2.15893
2.15892
2.15891
2.1589
2.1589
2.15889
2.15888
2.15887
2.15886
2.15885
2.15885
2.15884
2.15883
2.15882
2.15881
2.15881
2.1588
2.15879
2.15878
2.15877
2.15877
2.15876
2.15875
2.15874
2.15873
2.15873
2.15872
2.15871
2.1587
2.15869
2.15869
2.15868
2.15867
2.15866
2.15865
2.15865
2.15864
2.15863
2.15862
2.15861
2.1586
2.1586
2.15859
2.15858
2.15857
2.15856
2.15856
2.15855
2.15854
2.15853
2.15852
2.15852
2.15851
2.1585
2.15849
2.15848
2.15848
2.15847
2.15846
2.15845
2.15844
2.15844
2.15843
2.15842
2.15841
2.1584
2.1584
2.15839
2.15838
2.15837
2.15836
2.15835
2.15835
2.15834
2.15833
2.15832
2.15831
2.15831
2.1583
2.15829
2.15828
2.15827
2.15827
2.15826
2.15825
2.15824
2.15823
2.15823
2.15822
2.15821
2.1582
2.15819
2.15819
2.15818
2.15817
2.15816
2.15815
2.15815
2.15814
2.15813
2.15812
2.15811
2.1581
2.1581
2.15809
2.15808
2.15807
2.15806
2.15806
2.15805
2.15804
2.15803
2.15802
2.15802
2.15801
2.158
2.15799
2.15798
2.15798
2.15797
2.15796
2.15795
2.15794
2.15794
2.15793
2.15792
2.15791
2.1579
2.1579
2.15789
2.15788
2.15787
2.15786
2.15785
2.15785
2.15784
2.15783
2.15782
2.15781
2.15781
2.1578
2.15779
2.15778
2.15777
2.15777
2.15776
2.15775
2.15774
2.15773
2.15773
2.15772
2.15771
2.1577
2.15769
2.15769
2.15768
2.15767
2.15766
2.15765
2.15765
2.15764
2.15763
2.15762
2.15761
2.1576
2.1576
2.15759
2.15758
2.15757
2.15756
2.15756
2.15755
2.15754
2.15753
2.15752
2.15752
2.15751
2.1575
2.15749
2.15748
2.15748
2.15747
2.15746
2.15745
2.15744
2.15744
2.15743
2.15742
2.15741
2.1574
2.1574
2.15739
2.15738
2.15737
2.15736
2.15735
2.15735
2.15734
2.15733
2.15732
2.15731
2.15731
2.1573
2.15729
2.15728
2.15727
2.15727
2.15726
2.15725
2.15724
2.15723
2.15723
2.15722
2.15721
2.1572
2.15719
2.15719
2.15718
2.15717
2.15716
2.15715
2.15715
2.15714
2.15713
2.15712
2.15711
2.1571
2.1571
2.15709
2.15708
2.15707
2.15706
2.15706
2.15705
2.15704
2.15703
2.15702
2.15702
2.15701
2.157
2.15699
2.15698
2.15698
2.15697
2.15696
2.15695
2.15694
2.15694
2.15693
2.15692
2.15691
2.1569
2.1569
2.15689
2.15688
2.15687
2.15686
2.15685
2.15685
2.15684
2.15683
2.15682
2.15681
2.15681
2.1568
2.15679
2.15678
2.15677
2.15677
2.15676
2.15675
2.15674
2.15673
2.15673
2.15672
2.15671
2.1567
2.15669
2.15669
2.15668
2.15667
2.15666
2.15665
2.15665
2.15664
2.15663
2.15662
2.15661
2.1566
2.1566
2.15659
2.15658
2.15657
2.15656
2.15656
2.15655
2.15654
2.15653
2.15652
2.15652
2.15651
2.1565
2.15649
2.15648
2.15648
2.15647
2.15646
2.15645
2.15644
2.15644
2.15643
2.15642
2.15641
2.1564
2.1564
2.15639
2.15638
2.15637
2.15636
2.15635
2.15635
2.15634
2.15633
2.15632
2.15631
2.15631
2.1563
2.15629
2.15628
2.15627
2.15627
2.15626
2.15625
2.15624
2.15623
2.15623
2.15622
2.15621
2.1562
2.15619
2.15619
2.15618
2.15617
2.15616
2.15615
2.15615
2.15614
2.15613
2.15612
2.15611
2.1561
2.1561
2.15609
2.15608
2.15607
2.15606
2.15606
2.15605
2.15604
2.15603
2.15602
2.15602
2.15601
2.156
2.15599
2.15598
2.15598
2.15597
2.15596
2.15595
2.15594
2.15594
2.15593
2.15592
2.15591
2.1559
2.1559
2.15589
2.15588
2.15587
2.15586
2.15585
2.15585
2.15584
2.15583
2.15582
2.15581
2.15581
2.1558
2.15579
2.15578
2.15577
2.15577
2.15576
2.15575
2.15574
2.15573
2.15573
2.15572
2.15571
2.1557
2.15569
2.15569
2.15568
2.15567
2.15566
2.15565
2.15565
2.15564
2.15563
2.15562
2.15561
2.1556
2.1556
2.15559
2.15558
2.15557
2.15556
2.15556
2.15555
2.15554
2.15553
2.15552
2.15552
2.15551
2.1555
2.15549
2.15548
2.15548
2.15547
2.15546
2.15545
2.15544
2.15544
2.15543
2.15542
2.15541
2.1554
2.1554
2.15539
2.15538
2.15537
2.15536
2.15535
2.15535
2.15534
2.15533
2.15532
2.15531
2.15531
2.1553
2.15529
2.15528
2.15527
2.15527
2.15526
2.15525
2.15524
2.15523
2.15523
2.15522
2.15521
2.1552
2.15519
2.15519
2.15518
2.15517
2.15516
2.15515
2.15515
2.15514
2.15513
2.15512
2.15511
2.1551
2.1551
2.15509
2.15508
2.15507
2.15506
2.15506
2.15505
2.15504
2.15503
2.15502
2.15502
2.15501
2.155
2.15499
2.15498
2.15498
2.15497
2.15496
2.15495
2.15494
2.15494
2.15493
2.15492
2.15491
2.1549
2.1549
2.15489
2.15488
2.15487
2.15486
2.15485
2.15485
2.15484
2.15483
2.15482
2.15481
2.15481
2.1548
2.15479
2.15478
2.15477
2.15477
2.15476
2.15475
2.15474
2.15473
2.15473
2.15472
2.15471
2.1547
2.15469
2.15469
2.15468
2.15467
2.15466
2.15465
2.15465
2.15464
2.15463
2.15462
2.15461
2.1546
2.1546
2.15459
2.15458
2.15457
2.15456
2.15456
2.15455
2.15454
2.15453
2.15452
2.15452
2.15451
2.1545
2.15449
2.15448
2.15448
2.15447
2.15446
2.15445
2.15444
2.15444
2.15443
2.15442
2.15441
2.1544
2.1544
2.15439
2.15438
2.15437
2.15436
2.15435
2.15435
2.15434
2.15433
2.15432
2.15431
2.15431
2.1543
2.15429
2.15428
2.15427
2.15427
2.15426
2.15425
2.15424
2.15423
2.15423
2.15422
2.15421
2.1542
2.15419
2.15419
2.15418
2.15417
2.15416
2.15415
2.15415
2.15414
2.15413
2.15412
2.15411
2.1541
2.1541
2.15409
2.15408
2.15407
2.15406
2.15406
2.15405
2.15404
2.15403
2.15402
2.15402
2.15401
2.154
2.15399
2.15398
2.15398
2.15397
2.15396
2.15395
2.15394
2.15394
2.15393
2.15392
2.15391
2.1539
2.1539
2.15389
2.15388
2.15387
2.15386
2.15385
2.15385
2.15384
2.15383
2.15382
2.15381
2.15381
2.1538
2.15379
2.15378
2.15377
2.15377
2.15376
2.15375
2.15374
2.15373
2.15373
2.15372
2.15371
2.1537
2.15369
2.15369
2.15368
2.15367
2.15366
2.15365
2.15365
2.15364
2.15363
2.15362
2.15361
2.1536
2.1536
2.15359
2.15358
2.15357
2.15356
2.15356
2.15355
2.15354
2.15353
2.15352
2.15352
2.15351
2.1535
2.15349
2.15348
2.15348
2.15347
2.15346
2.15345
2.15344
2.15344
2.15343
2.15342
2.15341
2.1534
2.1534
2.15339
2.15338
2.15337
2.15336
2.15335
2.15335
2.15334
2.15333
2.15332
2.15331
2.15331
2.1533
2.15329
2.15328
2.15327
2.15327
2.15326
2.15325
2.15324
2.15323
2.15323
2.15322
2.15321
2.1532
2.15319
2.15319
2.15318
2.15317
2.15316
2.15315
2.15315
2.15314
2.15313
2.15312
2.15311
2.1531
2.1531
2.15309
2.15308
2.15307
2.15306
2.15306
2.15305
2.15304
2.15303
2.15302
2.15302
2.15301
2.153
2.15299
2.15298
2.15298
2.15297
2.15296
2.15295
2.15294
2.15294
2.15293
2.15292
2.15291
2.1529
2.1529
2.15289
2.15288
2.15287
2.15286
2.15285
2.15285
2.15284
2.15283
2.15282
2.15281
2.15281
2.1528
2.15279
2.15278
2.15277
2.15277
2.15276
2.15275
2.15274
2.15273
2.15273
2.15272
2.15271
2.1527
2.15269
2.15269
2.15268
2.15267
2.15266
2.15265
2.15265
2.15264
2.15263
2.15262
2.15261
2.1526
2.1526
2.15259
2.15258
2.15257
2.15256
2.15256
2.15255
2.15254
2.15253
2.15252
2.15252
2.15251
2.1525
2.15249
2.15248
2.15248
2.15247
2.15246
2.15245
2.15244
2.15244
2.15243
2.15242
2.15241
2.1524
2.1524
2.15239
2.15238
2.15237
2.15236
2.15235
2.15235
2.15234
2.15233
2.15232
2.15231
2.15231
2.1523
2.15229
2.15228
2.15227
2.15227
2.15226
2.15225
2.15224
2.15223
2.15223
2.15222
2.15221
2.1522
2.15219
2.15219
2.15218
2.15217
2.15216
2.15215
2.15215
2.15214
2.15213
2.15212
2.15211
2.1521
2.1521
2.15209
2.15208
2.15207
2.15206
2.15206
2.15205
2.15204
2.15203
2.15202
2.15202
2.15201
2.152
2.15199
2.15198
2.15198
2.15197
2.15196
2.15195
2.15194
2.15194
2.15193
2.15192
2.15191
2.1519
2.1519
2.15189
2.15188
2.15187
2.15186
2.15185
2.15185
2.15184
2.15183
2.15182
2.15181
2.15181
2.1518
2.15179
2.15178
2.15177
2.15177
2.15176
2.15175
2.15174
2.15173
2.15173
2.15172
2.15171
2.1517
2.15169
2.15169
2.15168
2.15167
2.15166
2.15165
2.15165
2.15164
2.15163
2.15162
2.15161
2.1516
2.1516
2.15159
2.15158
2.15157
2.15156
2.15156
2.15155
2.15154
2.15153
2.15152
2.15152
2.15151
2.1515
2.15149
2.15148
2.15148
2.15147
2.15146
2.15145
2.15144
2.15144
2.15143
2.15142
2.15141
2.1514
2.1514
2.15139
2.15138
2.15137
2.15136
2.15135
2.15135
2.15134
2.15133
2.15132
2.15131
2.15131
2.1513
2.15129
2.15128
2.15127
2.15127
2.15126
2.15125
2.15124
2.15123
2.15123
2.15122
2.15121
2.1512
2.15119
2.15119
2.15118
2.15117
2.15116
2.15115
2.15115
2.15114
2.15113
2.15112
2.15111
2.1511
2.1511
2.15109
2.15108
2.15107
2.15106
2.15106
2.15105
2.15104
2.15103
2.15102
2.15102
2.15101
2.151
2.15099
2.15098
2.15098
2.15097
2.15096
2.15095
2.15094
2.15094
2.15093
2.15092
2.15091
2.1509
2.1509
2.15089
2.15088
2.15087
2.15086
2.15085
2.15085
2.15084
2.15083
2.15082
2.15081
2.15081
2.1508
2.15079
2.15078
2.15077
2.15077
2.15076
2.15075
2.15074
2.15073
2.15073
2.15072
2.15071
2.1507
2.15069
2.15069
2.15068
2.15067
2.15066
2.15065
2.15065
2.15064
2.15063
2.15062
2.15061
2.1506
2.1506
2.15059
2.15058
2.15057
2.15056
2.15056
2.15055
2.15054
2.15053
2.15052
2.15052
2.15051
2.1505
2.15049
2.15048
2.15048
2.15047
2.15046
2.15045
2.15044
2.15044
2.15043
2.15042
2.15041
2.1504
2.1504
2.15039
2.15038
2.15037
2.15036
2.15035
2.15035
2.15034
2.15033
2.15032
2.15031
2.15031
2.1503
2.15029
2.15028
2.15027
2.15027
2.15026
2.15025
2.15024
2.15023
2.15023
2.15022
2.15021
2.1502
2.15019
2.15019
2.15018
2.15017
2.15016
2.15015
2.15015
2.15014
2.15013
2.15012
2.15011
2.1501
2.1501
2.15009
2.15008
2.15007
2.15006
2.15006
2.15005
2.15004
2.15003
2.15002
2.15002
2.15001
2.15
2.14999
2.14998
2.14998
2.14997
2.14996
2.14995
2.14994
2.14994
2.14993
2.14992
2.14991
2.1499
2.1499
2.14989
2.14988
2.14987
2.14986
2.14985
2.14985
2.14984
2.14983
2.14982
2.14981
2.14981
2.1498
2.14979
2.14978
2.14977
2.14977
2.14976
2.14975
2.14974
2.14973
2.14973
2.14972
2.14971
2.1497
2.14969
2.14969
2.14968
2.14967
2.14966
2.14965
2.14965
2.14964
2.14963
2.14962
2.14961
2.1496
2.1496
2.14959
2.14958
2.14957
2.14956
2.14956
2.14955
2.14954
2.14953
2.14952
2.14952
2.14951
2.1495
2.14949
2.14948
2.14948
2.14947
2.14946
2.14945
2.14944
2.14944
2.14943
2.14942
2.14941
2.1494
2.1494
2.14939
2.14938
2.14937
2.14936
2.14935
2.14935
2.14934
2.14933
2.14932
2.14931
2.14931
2.1493
2.14929
2.14928
2.14927
2.14927
2.14926
2.14925
2.14924
2.14923
2.14923
2.14922
2.14921
2.1492
2.14919
2.14919
2.14918
2.14917
2.14916
2.14915
2.14915
2.14914
2.14913
2.14912
2.14911
2.1491
2.1491
2.14909
2.14908
2.14907
2.14906
2.14906
2.14905
2.14904
2.14903
2.14902
2.14902
2.14901
2.149
2.14899
2.14898
2.14898
2.14897
2.14896
2.14895
2.14894
2.14894
2.14893
2.14892
2.14891
2.1489
2.1489
2.14889
2.14888
2.14887
2.14886
2.14885
2.14885
2.14884
2.14883
2.14882
2.14881
2.14881
2.1488
2.14879
2.14878
2.14877
2.14877
2.14876
2.14875
2.14874
2.14873
2.14873
2.14872
2.14871
2.1487
2.14869
2.14869
2.14868
2.14867
2.14866
2.14865
2.14865
2.14864
2.14863
2.14862
2.14861
2.1486
2.1486
2.14859
2.14858
2.14857
2.14856
2.14856
2.14855
2.14854
2.14853
2.14852
2.14852
2.14851
2.1485
2.14849
2.14848
2.14848
2.14847
2.14846
2.14845
2.14844
2.14844
2.14843
2.14842
2.14841
2.1484
2.1484
2.14839
2.14838
2.14837
2.14836
2.14835
2.14835
2.14834
2.14833
2.14832
2.14831
2.14831
2.1483
2.14829
2.14828
2.14827
2.14827
2.14826
2.14825
2.14824
2.14823
2.14823
2.14822
2.14821
2.1482
2.14819
2.14819
2.14818
2.14817
2.14816
2.14815
2.14815
2.14814
2.14813
2.14812
2.14811
2.1481
2.1481
2.14809
2.14808
2.14807
2.14806
2.14806
2.14805
2.14804
2.14803
2.14802
2.14802
2.14801
2.148
2.14799
2.14798
2.14798
2.14797
2.14796
2.14795
2.14794
2.14794
2.14793
2.14792
2.14791
2.1479
2.1479
2.14789
2.14788
2.14787
2.14786
2.14785
2.14785
2.14784
2.14783
2.14782
2.14781
2.14781
2.1478
2.14779
2.14778
2.14777
2.14777
2.14776
2.14775
2.14774
2.14773
2.14773
2.14772
2.14771
2.1477
2.14769
2.14769
2.14768
2.14767
2.14766
2.14765
2.14765
2.14764
2.14763
2.14762
2.14761
2.1476
2.1476
2.14759
2.14758
2.14757
2.14756
2.14756
2.14755
2.14754
2.14753
2.14752
2.14752
2.14751
2.1475
2.14749
2.14748
2.14748
2.14747
2.14746
2.14745
2.14744
2.14744
2.14743
2.14742
2.14741
2.1474
2.1474
2.14739
2.14738
2.14737
2.14736
2.14735
2.14735
2.14734
2.14733
2.14732
2.14731
2.14731
2.1473
2.14729
2.14728
2.14727
2.14727
2.14726
2.14725
2.14724
2.14723
2.14723
2.14722
2.14721
2.1472
2.14719
2.14719
2.14718
2.14717
2.14716
2.14715
2.14715
2.14714
2.14713
2.14712
2.14711
2.1471
2.1471
2.14709
2.14708
2.14707
2.14706
2.14706
2.14705
2.14704
2.14703
2.14702
2.14702
2.14701
2.147
2.14699
2.14698
2.14698
2.14697
2.14696
2.14695
2.14694
2.14694
2.14693
2.14692
2.14691
2.1469
2.1469
2.14689
2.14688
2.14687
2.14686
2.14685
2.14685
2.14684
2.14683
2.14682
2.14681
2.14681
2.1468
2.14679
2.14678
2.14677
2.14677
2.14676
2.14675
2.14674
2.14673
2.14673
2.14672
2.14671
2.1467
2.14669
2.14669
2.14668
2.14667
2.14666
2.14665
2.14665
2.14664
2.14663
2.14662
2.14661
2.1466
2.1466
2.14659
2.14658
2.14657
2.14656
2.14656
2.14655
2.14654
2.14653
2.14652
2.14652
2.14651
2.1465
2.14649
2.14648
2.14648
2.14647
2.14646
2.14645
2.14644
2.14644
2.14643
2.14642
2.14641
2.1464
2.1464
2.14639
2.14638
2.14637
2.14636
2.14635
2.14635
2.14634
2.14633
2.14632
2.14631
2.14631
2.1463
2.14629
2.14628
2.14627
2.14627
2.14626
2.14625
2.14624
2.14623
2.14623
2.14622
2.14621
2.1462
2.14619
2.14619
2.14618
2.14617
2.14616
2.14615
2.14615
2.14614
2.14613
2.14612
2.14611
2.1461
2.1461
2.14609
2.14608
2.14607
2.14606
2.14606
2.14605
2.14604
2.14603
2.14602
2.14602
2.14601
2.146
2.14599
2.14598
2.14598
2.14597
2.14596
2.14595
2.14594
2.14594
2.14593
2.14592
2.14591
2.1459
2.1459
2.14589
2.14588
2.14587
2.14586
2.14585
2.14585
2.14584
2.14583
2.14582
2.14581
2.14581
2.1458
2.14579
2.14578
2.14577
2.14577
2.14576
2.14575
2.14574
2.14573
2.14573
2.14572
2.14571
2.1457
2.14569
2.14569
2.14568
2.14567
2.14566
2.14565
2.14565
2.14564
2.14563
2.14562
2.14561
2.1456
2.1456
2.14559
2.14558
2.14557
2.14556
2.14556
2.14555
2.14554
2.14553
2.14552
2.14552
2.14551
2.1455
2.14549
2.14548
2.14548
2.14547
2.14546
2.14545
2.14544
2.14544
2.14543
2.14542
2.14541
2.1454
2.1454
2.14539
2.14538
2.14537
2.14536
2.14535
2.14535
2.14534
2.14533
2.14532
2.14531
2.14531
2.1453
2.14529
2.14528
2.14527
2.14527
2.14526
2.14525
2.14524
2.14523
2.14523
2.14522
2.14521
2.1452
2.14519
2.14519
2.14518
2.14517
2.14516
2.14515
2.14515
2.14514
2.14513
2.14512
2.14511
2.1451
2.1451
2.14509
2.14508
2.14507
2.14506
2.14506
2.14505
2.14504
2.14503
2.14502
2.14502
2.14501
2.145
2.14499
2.14498
2.14498
2.14497
2.14496
2.14495
2.14494
2.14494
2.14493
2.14492
2.14491
2.1449
2.1449
2.14489
2.14488
2.14487
2.14486
2.14485
2.14485
2.14484
2.14483
2.14482
2.14481
2.14481
2.1448
2.14479
2.14478
2.14477
2.14477
2.14476
2.14475
2.14474
2.14473
2.14473
2.14472
2.14471
2.1447
2.14469
2.14469
2.14468
2.14467
2.14466
2.14465
2.14465
2.14464
2.14463
2.14462
2.14461
2.1446
2.1446
2.14459
2.14458
2.14457
2.14456
2.14456
2.14455
2.14454
2.14453
2.14452
2.14452
2.14451
2.1445
2.14449
2.14448
2.14448
2.14447
2.14446
2.14445
2.14444
2.14444
2.14443
2.14442
2.14441
2.1444
2.1444
2.14439
2.14438
2.14437
2.14436
2.14435
2.14435
2.14434
2.14433
2.14432
2.14431
2.14431
2.1443
2.14429
2.14428
2.14427
2.14427
2.14426
2.14425
2.14424
2.14423
2.14423
2.14422
2.14421
2.1442
2.14419
2.14419
2.14418
2.14417
2.14416
2.14415
2.14415
2.14414
2.14413
2.14412
2.14411
2.1441
2.1441
2.14409
2.14408
2.14407
2.14406
2.14406
2.14405
2.14404
2.14403
2.14402
2.14402
2.14401
2.144
2.14399
2.14398
2.14398
2.14397
2.14396
2.14395
2.14394
2.14394
2.14393
2.14392
2.14391
2.1439
2.1439
2.14389
2.14388
2.14387
2.14386
2.14385
2.14385
2.14384
2.14383
2.14382
2.14381
2.14381
2.1438
2.14379
2.14378
2.14377
2.14377
2.14376
2.14375
2.14374
2.14373
2.14373
2.14372
2.14371
2.1437
2.14369
2.14369
2.14368
2.14367
2.14366
2.14365
2.14365
2.14364
2.14363
2.14362
2.14361
2.1436
2.1436
2.14359
2.14358
2.14357
2.14356
2.14356
2.14355
2.14354
2.14353
2.14352
2.14352
2.14351
2.1435
2.14349
2.14348
2.14348
2.14347
2.14346
2.14345
2.14344
2.14344
2.14343
2.14342
2.14341
2.1434
2.1434
2.14339
2.14338
2.14337
2.14336
2.14335
2.14335
2.14334
2.14333
2.14332
2.14331
2.14331
2.1433
2.14329
2.14328
2.14327
2.14327
2.14326
2.14325
2.14324
2.14323
2.14323
2.14322
2.14321
2.1432
2.14319
2.14319
2.14318
2.14317
2.14316
2.14315
2.14315
2.14314
2.14313
2.14312
2.14311
2.1431
2.1431
2.14309
2.14308
2.14307
2.14306
2.14306
2.14305
2.14304
2.14303
2.14302
2.14302
2.14301
2.143
2.14299
2.14298
2.14298
2.14297
2.14296
2.14295
2.14294
2.14294
2.14293
2.14292
2.14291
2.1429
2.1429
2.14289
2.14288
2.14287
2.14286
2.14285
2.14285
2.14284
2.14283
2.14282
2.14281
2.14281
2.1428
2.14279
2.14278
2.14277
2.14277
2.14276
2.14275
2.14274
2.14273
2.14273
2.14272
2.14271
2.1427
2.14269
2.14269
2.14268
2.14267
2.14266
2.14265
2.14265
2.14264
2.14263
2.14262
2.14261
2.1426
2.1426
2.14259
2.14258
2.14257
2.14256
2.14256
2.14255
2.14254
2.14253
2.14252
2.14252
2.14251
2.1425
2.14249
2.14248
2.14248
2.14247
2.14246
2.14245
2.14244
2.14244
2.14243
2.14242
2.14241
2.1424
2.1424
2.14239
2.14238
2.14237
2.14236
2.14235
2.14235
2.14234
2.14233
2.14232
2.14231
2.14231
2.1423
2.14229
2.14228
2.14227
2.14227
2.14226
2.14225
2.14224
2.14223
2.14223
2.14222
2.14221
2.1422
2.14219
2.14219
2.14218
2.14217
2.14216
2.14215
2.14215
2.14214
2.14213
2.14212
2.14211
2.1421
2.1421
2.14209
2.14208
2.14207
2.14206
2.14206
2.14205
2.14204
2.14203
2.14202
2.14202
2.14201
2.142
2.14199
2.14198
2.14198
2.14197
2.14196
2.14195
2.14194
2.14194
2.14193
2.14192
2.14191
2.1419
2.1419
2.14189
2.14188
2.14187
2.14186
2.14185
2.14185
2.14184
2.14183
2.14182
2.14181
2.14181
2.1418
2.14179
2.14178
2.14177
2.14177
2.14176
2.14175
2.14174
2.14173
2.14173
2.14172
2.14171
2.1417
2.14169
2.14169
2.14168
2.14167
2.14166
2.14165
2.14165
2.14164
2.14163
2.14162
2.14161
2.1416
2.1416
2.14159
2.14158
2.14157
2.14156
2.14156
2.14155
2.14154
2.14153
2.14152
2.14152
2.14151
2.1415
2.14149
2.14148
2.14148
2.14147
2.14146
2.14145
2.14144
2.14144
2.14143
2.14142
2.14141
2.1414
2.1414
2.14139
2.14138
2.14137
2.14136
2.14135
2.14135
2.14134
2.14133
2.14132
2.14131
2.14131
2.1413
2.14129
2.14128
2.14127
2.14127
2.14126
2.14125
2.14124
2.14123
2.14123
2.14122
2.14121
2.1412
2.14119
2.14119
2.14118
2.14117
2.14116
2.14115
2.14115
2.14114
2.14113
2.14112
2.14111
2.1411
2.1411
2.14109
2.14108
2.14107
2.14106
2.14106
2.14105
2.14104
2.14103
2.14102
2.14102
2.14101
2.141
2.14099
2.14098
2.14098
2.14097
2.14096
2.14095
2.14094
2.14094
2.14093
2.14092
2.14091
2.1409
2.1409
2.14089
2.14088
2.14087
2.14086
2.14085
2.14085
2.14084
2.14083
2.14082
2.14081
2.14081
2.1408
2.14079
2.14078
2.14077
2.14077
2.14076
2.14075
2.14074
2.14073
2.14073
2.14072
2.14071
2.1407
2.14069
2.14069
2.14068
2.14067
2.14066
2.14065
2.14065
2.14064
2.14063
2.14062
2.14061
2.1406
2.1406
2.14059
2.14058
2.14057
2.14056
2.14056
2.14055
2.14054
2.14053
2.14052
2.14052
2.14051
2.1405
2.14049
2.14048
2.14048
2.14047
2.14046
2.14045
2.14044
2.14044
2.14043
2.14042
2.14041
2.1404
2.1404
2.14039
2.14038
2.14037
2.14036
2.14035
2.14035
2.14034
2.14033
2.14032
2.14031
2.14031
2.1403
2.14029
2.14028
2.14027
2.14027
2.14026
2.14025
2.14024
2.14023
2.14023
2.14022
2.14021
2.1402
2.14019
2.14019
2.14018
2.14017
2.14016
2.14015
2.14015
2.14014
2.14013
2.14012
2.14011
2.1401
2.1401
2.14009
2.14008
2.14007
2.14006
2.14006
2.14005
2.14004
2.14003
2.14002
2.14002
2.14001
2.14
2.13999
2.13998
2.13998
2.13997
2.13996
2.13995
2.13994
2.13994
2.13993
2.13992
2.13991
2.1399
2.1399
2.13989
2.13988
2.13987
2.13986
2.13985
2.13985
2.13984
2.13983
2.13982
2.13981
2.13981
2.1398
2.13979
2.13978
2.13977
2.13977
2.13976
2.13975
2.13974
2.13973
2.13973
2.13972
2.13971
2.1397
2.13969
2.13969
2.13968
2.13967
2.13966
2.13965
2.13965
2.13964
2.13963
2.13962
2.13961
2.1396
2.1396
2.13959
2.13958
2.13957
2.13956
2.13956
2.13955
2.13954
2.13953
2.13952
2.13952
2.13951
2.1395
2.13949
2.13948
2.13948
2.13947
2.13946
2.13945
2.13944
2.13944
2.13943
2.13942
2.13941
2.1394
2.1394
2.13939
2.13938
2.13937
2.13936
2.13935
2.13935
2.13934
2.13933
2.13932
2.13931
2.13931
2.1393
2.13929
2.13928
2.13927
2.13927
2.13926
2.13925
2.13924
2.13923
2.13923
2.13922
2.13921
2.1392
2.13919
2.13919
2.13918
2.13917
2.13916
2.13915
2.13915
2.13914
2.13913
2.13912
2.13911
2.1391
2.1391
2.13909
2.13908
2.13907
2.13906
2.13906
2.13905
2.13904
2.13903
2.13902
2.13902
2.13901
2.139
2.13899
2.13898
2.13898
2.13897
2.13896
2.13895
2.13894
2.13894
2.13893
2.13892
2.13891
2.1389
2.1389
2.13889
2.13888
2.13887
2.13886
2.13885
2.13885
2.13884
2.13883
2.13882
2.13881
2.13881
2.1388
2.13879
2.13878
2.13877
2.13877
2.13876
2.13875
2.13874
2.13873
2.13873
2.13872
2.13871
2.1387
2.13869
2.13869
2.13868
2.13867
2.13866
2.13865
2.13865
2.13864
2.13863
2.13862
2.13861
2.1386
2.1386
2.13859
2.13858
2.13857
2.13856
2.13856
2.13855
2.13854
2.13853
2.13852
2.13852
2.13851
2.1385
2.13849
2.13848
2.13848
2.13847
2.13846
2.13845
2.13844
2.13844
2.13843
2.13842
2.13841
2.1384
2.1384
2.13839
2.13838
2.13837
2.13836
2.13835
2.13835
2.13834
2.13833
2.13832
2.13831
2.13831
2.1383
2.13829
2.13828
2.13827
2.13827
2.13826
2.13825
2.13824
2.13823
2.13823
2.13822
2.13821
2.1382
2.13819
2.13819
2.13818
2.13817
2.13816
2.13815
2.13815
2.13814
2.13813
2.13812
2.13811
2.1381
2.1381
2.13809
2.13808
2.13807
2.13806
2.13806
2.13805
2.13804
2.13803
2.13802
2.13802
2.13801
2.138
2.13799
2.13798
2.13798
2.13797
2.13796
2.13795
2.13794
2.13794
2.13793
2.13792
2.13791
2.1379
2.1379
2.13789
2.13788
2.13787
2.13786
2.13785
2.13785
2.13784
2.13783
2.13782
2.13781
2.13781
2.1378
2.13779
2.13778
2.13777
2.13777
2.13776
2.13775
2.13774
2.13773
2.13773
2.13772
2.13771
2.1377
2.13769
2.13769
2.13768
2.13767
2.13766
2.13765
2.13765
2.13764
2.13763
2.13762
2.13761
2.1376
2.1376
2.13759
2.13758
2.13757
2.13756
2.13756
2.13755
2.13754
2.13753
2.13752
2.13752
2.13751
2.1375
2.13749
2.13748
2.13748
2.13747
2.13746
2.13745
2.13744
2.13744
2.13743
2.13742
2.13741
2.1374
2.1374
2.13739
2.13738
2.13737
2.13736
2.13735
2.13735
2.13734
2.13733
2.13732
2.13731
2.13731
2.1373
2.13729
2.13728
2.13727
2.13727
2.13726
2.13725
2.13724
2.13723
2.13723
2.13722
2.13721
2.1372
2.13719
2.13719
2.13718
2.13717
2.13716
2.13715
2.13715
2.13714
2.13713
2.13712
2.13711
2.1371
2.1371
2.13709
2.13708
2.13707
2.13706
2.13706
2.13705
2.13704
2.13703
2.13702
2.13702
2.13701
2.137
2.13699
2.13698
2.13698
2.13697
2.13696
2.13695
2.13694
2.13694
2.13693
2.13692
2.13691
2.1369
2.1369
2.13689
2.13688
2.13687
2.13686
2.13685
2.13685
2.13684
2.13683
2.13682
2.13681
2.13681
2.1368
2.13679
2.13678
2.13677
2.13677
2.13676
2.13675
2.13674
2.13673
2.13673
2.13672
2.13671
2.1367
2.13669
2.13669
2.13668
2.13667
2.13666
2.13665
2.13665
2.13664
2.13663
2.13662
2.13661
2.1366
2.1366
2.13659
2.13658
2.13657
2.13656
2.13656
2.13655
2.13654
2.13653
2.13652
2.13652
2.13651
2.1365
2.13649
2.13648
2.13648
2.13647
2.13646
2.13645
2.13644
2.13644
2.13643
2.13642
2.13641
2.1364
2.1364
2.13639
2.13638
2.13637
2.13636
2.13635
2.13635
2.13634
2.13633
2.13632
2.13631
2.13631
2.1363
2.13629
2.13628
2.13627
2.13627
2.13626
2.13625
2.13624
2.13623
2.13623
2.13622
2.13621
2.1362
2.13619
2.13619
2.13618
2.13617
2.13616
2.13615
2.13615
2.13614
2.13613
2.13612
2.13611
2.1361
2.1361
2.13609
2.13608
2.13607
2.13606
2.13606
2.13605
2.13604
2.13603
2.13602
2.13602
2.13601
2.136
2.13599
2.13598
2.13598
2.13597
2.13596
2.13595
2.13594
2.13594
2.13593
2.13592
2.13591
2.1359
2.1359
2.13589
2.13588
2.13587
2.13586
2.13585
2.13585
2.13584
2.13583
2.13582
2.13581
2.13581
2.1358
2.13579
2.13578
2.13577
2.13577
2.13576
2.13575
2.13574
2.13573
2.13573
2.13572
2.13571
2.1357
2.13569
2.13569
2.13568
2.13567
2.13566
2.13565
2.13565
2.13564
2.13563
2.13562
2.13561
2.1356
2.1356
2.13559
2.13558
2.13557
2.13556
2.13556
2.13555
2.13554
2.13553
2.13552
2.13552
2.13551
2.1355
2.13549
2.13548
2.13548
2.13547
2.13546
2.13545
2.13544
2.13544
2.13543
2.13542
2.13541
2.1354
2.1354
2.13539
2.13538
2.13537
2.13536
2.13535
2.13535
2.13534
2.13533
2.13532
2.13531
2.13531
2.1353
2.13529
2.13528
2.13527
2.13527
2.13526
2.13525
2.13524
2.13523
2.13523
2.13522
2.13521
2.1352
2.13519
2.13519
2.13518
2.13517
2.13516
2.13515
2.13515
2.13514
2.13513
2.13512
2.13511
2.1351
2.1351
2.13509
2.13508
2.13507
2.13506
2.13506
2.13505
2.13504
2.13503
2.13502
2.13502
2.13501
2.135
2.13499
2.13498
2.13498
2.13497
2.13496
2.13495
2.13494
2.13494
2.13493
2.13492
2.13491
2.1349
2.1349
2.13489
2.13488
2.13487
2.13486
2.13485
2.13485
2.13484
2.13483
2.13482
2.13481
2.13481
2.1348
2.13479
2.13478
2.13477
2.13477
2.13476
2.13475
2.13474
2.13473
2.13473
2.13472
2.13471
2.1347
2.13469
2.13469
2.13468
2.13467
2.13466
2.13465
2.13465
2.13464
2.13463
2.13462
2.13461
2.1346
2.1346
2.13459
2.13458
2.13457
2.13456
2.13456
2.13455
2.13454
2.13453
2.13452
2.13452
2.13451
2.1345
2.13449
2.13448
2.13448
2.13447
2.13446
2.13445
2.13444
2.13444
2.13443
2.13442
2.13441
2.1344
2.1344
2.13439
2.13438
2.13437
2.13436
2.13435
2.13435
2.13434
2.13433
2.13432
2.13431
2.13431
2.1343
2.13429
2.13428
2.13427
2.13427
2.13426
2.13425
2.13424
2.13423
2.13423
2.13422
2.13421
2.1342
2.13419
2.13419
2.13418
2.13417
2.13416
2.13415
2.13415
2.13414
2.13413
2.13412
2.13411
2.1341
2.1341
2.13409
2.13408
2.13407
2.13406
2.13406
2.13405
2.13404
2.13403
2.13402
2.13402
2.13401
2.134
2.13399
2.13398
2.13398
2.13397
2.13396
2.13395
2.13394
2.13394
2.13393
2.13392
2.13391
2.1339
2.1339
2.13389
2.13388
2.13387
2.13386
2.13385
2.13385
2.13384
2.13383
2.13382
2.13381
2.13381
2.1338
2.13379
2.13378
2.13377
2.13377
2.13376
2.13375
2.13374
2.13373
2.13373
2.13372
2.13371
2.1337
2.13369
2.13369
2.13368
2.13367
2.13366
2.13365
2.13365
2.13364
2.13363
2.13362
2.13361
2.1336
2.1336
2.13359
2.13358
2.13357
2.13356
2.13356
2.13355
2.13354
2.13353
2.13352
2.13352
2.13351
2.1335
2.13349
2.13348
2.13348
2.13347
2.13346
2.13345
2.13344
2.13344
2.13343
2.13342
2.13341
2.1334
2.1334
2.13339
2.13338
2.13337
2.13336
2.13335
2.13335
2.13334
2.13333
2.13332
2.13331
2.13331
2.1333
2.13329
2.13328
2.13327
2.13327
2.13326
2.13325
2.13324
2.13323
2.13323
2.13322
2.13321
2.1332
2.13319
2.13319
2.13318
2.13317
2.13316
2.13315
2.13315
2.13314
2.13313
2.13312
2.13311
2.1331
2.1331
2.13309
2.13308
2.13307
2.13306
2.13306
2.13305
2.13304
2.13303
2.13302
2.13302
2.13301
2.133
2.13299
2.13298
2.13298
2.13297
2.13296
2.13295
2.13294
2.13294
2.13293
2.13292
2.13291
2.1329
2.1329
2.13289
2.13288
2.13287
2.13286
2.13285
2.13285
2.13284
2.13283
2.13282
2.13281
2.13281
2.1328
2.13279
2.13278
2.13277
2.13277
2.13276
2.13275
2.13274
2.13273
2.13273
2.13272
2.13271
2.1327
2.13269
2.13269
2.13268
2.13267
2.13266
2.13265
2.13265
2.13264
2.13263
2.13262
2.13261
2.1326
2.1326
2.13259
2.13258
2.13257
2.13256
2.13256
2.13255
2.13254
2.13253
2.13252
2.13252
2.13251
2.1325
2.13249
2.13248
2.13248
2.13247
2.13246
2.13245
2.13244
2.13244
2.13243
2.13242
2.13241
2.1324
2.1324
2.13239
2.13238
2.13237
2.13236
2.13235
2.13235
2.13234
2.13233
2.13232
2.13231
2.13231
2.1323
2.13229
2.13228
2.13227
2.13227
2.13226
2.13225
2.13224
2.13223
2.13223
2.13222
2.13221
2.1322
2.13219
2.13219
2.13218
2.13217
2.13216
2.13215
2.13215
2.13214
2.13213
2.13212
2.13211
2.1321
2.1321
2.13209
2.13208
2.13207
2.13206
2.13206
2.13205
2.13204
2.13203
2.13202
2.13202
2.13201
2.132
2.13199
2.13198
2.13198
2.13197
2.13196
2.13195
2.13194
2.13194
2.13193
2.13192
2.13191
2.1319
2.1319
2.13189
2.13188
2.13187
2.13186
2.13185
2.13185
2.13184
2.13183
2.13182
2.13181
2.13181
2.1318
2.13179
2.13178
2.13177
2.13177
2.13176
2.13175
2.13174
2.13173
2.13173
2.13172
2.13171
2.1317
2.13169
2.13169
2.13168
2.13167
2.13166
2.13165
2.13165
2.13164
2.13163
2.13162
2.13161
2.1316
2.1316
2.13159
2.13158
2.13157
2.13156
2.13156
2.13155
2.13154
2.13153
2.13152
2.13152
2.13151
2.1315
2.13149
2.13148
2.13148
2.13147
2.13146
2.13145
2.13144
2.13144
2.13143
2.13142
2.13141
2.1314
2.1314
2.13139
2.13138
2.13137
2.13136
2.13135
2.13135
2.13134
2.13133
2.13132
2.13131
2.13131
2.1313
2.13129
2.13128
2.13127
2.13127
2.13126
2.13125
2.13124
2.13123
2.13123
2.13122
2.13121
2.1312
2.13119
2.13119
2.13118
2.13117
2.13116
2.13115
2.13115
2.13114
2.13113
2.13112
2.13111
2.1311
2.1311
2.13109
2.13108
2.13107
2.13106
2.13106
2.13105
2.13104
2.13103
2.13102
2.13102
2.13101
2.131
2.13099
2.13098
2.13098
2.13097
2.13096
2.13095
2.13094
2.13094
2.13093
2.13092
2.13091
2.1309
2.1309
2.13089
2.13088
2.13087
2.13086
2.13085
2.13085
2.13084
2.13083
2.13082
2.13081
2.13081
2.1308
2.13079
2.13078
2.13077
2.13077
2.13076
2.13075
2.13074
2.13073
2.13073
2.13072
2.13071
2.1307
2.13069
2.13069
2.13068
2.13067
2.13066
2.13065
2.13065
2.13064
2.13063
2.13062
2.13061
2.1306
2.1306
2.13059
2.13058
2.13057
2.13056
2.13056
2.13055
2.13054
2.13053
2.13052
2.13052
2.13051
2.1305
2.13049
2.13048
2.13048
2.13047
2.13046
2.13045
2.13044
2.13044
2.13043
2.13042
2.13041
2.1304
2.1304
2.13039
2.13038
2.13037
2.13036
2.13035
2.13035
2.13034
2.13033
2.13032
2.13031
2.13031
2.1303
2.13029
2.13028
2.13027
2.13027
2.13026
2.13025
2.13024
2.13023
2.13023
2.13022
2.13021
2.1302
2.13019
2.13019
2.13018
2.13017
2.13016
2.13015
2.13015
2.13014
2.13013
2.13012
2.13011
2.1301
2.1301
2.13009
2.13008
2.13007
2.13006
2.13006
2.13005
2.13004
2.13003
2.13002
2.13002
2.13001
2.13
2.12999
2.12998
2.12998
2.12997
2.12996
2.12995
2.12994
2.12994
2.12993
2.12992
2.12991
2.1299
2.1299
2.12989
2.12988
2.12987
2.12986
2.12985
2.12985
2.12984
2.12983
2.12982
2.12981
2.12981
2.1298
2.12979
2.12978
2.12977
2.12977
2.12976
2.12975
2.12974
2.12973
2.12973
2.12972
2.12971
2.1297
2.12969
2.12969
2.12968
2.12967
2.12966
2.12965
2.12965
2.12964
2.12963
2.12962
2.12961
2.1296
2.1296
2.12959
2.12958
2.12957
2.12956
2.12956
2.12955
2.12954
2.12953
2.12952
2.12952
2.12951
2.1295
2.12949
2.12948
2.12948
2.12947
2.12946
2.12945
2.12944
2.12944
2.12943
2.12942
2.12941
2.1294
2.1294
2.12939
2.12938
2.12937
2.12936
2.12935
2.12935
2.12934
2.12933
2.12932
2.12931
2.12931
2.1293
2.12929
2.12928
2.12927
2.12927
2.12926
2.12925
2.12924
2.12923
2.12923
2.12922
2.12921
2.1292
2.12919
2.12919
2.12918
2.12917
2.12916
2.12915
2.12915
2.12914
2.12913
2.12912
2.12911
2.1291
2.1291
2.12909
2.12908
2.12907
2.12906
2.12906
2.12905
2.12904
2.12903
2.12902
2.12902
2.12901
2.129
2.12899
2.12898
2.12898
2.12897
2.12896
2.12895
2.12894
2.12894
2.12893
2.12892
2.12891
2.1289
2.1289
2.12889
2.12888
2.12887
2.12886
2.12885
2.12885
2.12884
2.12883
2.12882
2.12881
2.12881
2.1288
2.12879
2.12878
2.12877
2.12877
2.12876
2.12875
2.12874
2.12873
2.12873
2.12872
2.12871
2.1287
2.12869
2.12869
2.12868
2.12867
2.12866
2.12865
2.12865
2.12864
2.12863
2.12862
2.12861
2.1286
2.1286
2.12859
2.12858
2.12857
2.12856
2.12856
2.12855
2.12854
2.12853
2.12852
2.12852
2.12851
2.1285
2.12849
2.12848
2.12848
2.12847
2.12846
2.12845
2.12844
2.12844
2.12843
2.12842
2.12841
2.1284
2.1284
2.12839
2.12838
2.12837
2.12836
2.12835
2.12835
2.12834
2.12833
2.12832
2.12831
2.12831
2.1283
2.12829
2.12828
2.12827
2.12827
2.12826
2.12825
2.12824
2.12823
2.12823
2.12822
2.12821
2.1282
2.12819
2.12819
2.12818
2.12817
2.12816
2.12815
2.12815
2.12814
2.12813
2.12812
2.12811
2.1281
2.1281
2.12809
2.12808
2.12807
2.12806
2.12806
2.12805
2.12804
2.12803
2.12802
2.12802
2.12801
2.128
2.12799
2.12798
2.12798
2.12797
2.12796
2.12795
2.12794
2.12794
2.12793
2.12792
2.12791
2.1279
2.1279
2.12789
2.12788
2.12787
2.12786
2.12785
2.12785
2.12784
2.12783
2.12782
2.12781
2.12781
2.1278
2.12779
2.12778
2.12777
2.12777
2.12776
2.12775
2.12774
2.12773
2.12773
2.12772
2.12771
2.1277
2.12769
2.12769
2.12768
2.12767
2.12766
2.12765
2.12765
2.12764
2.12763
2.12762
2.12761
2.1276
2.1276
2.12759
2.12758
2.12757
2.12756
2.12756
2.12755
2.12754
2.12753
2.12752
2.12752
2.12751
2.1275
2.12749
2.12748
2.12748
2.12747
2.12746
2.12745
2.12744
2.12744
2.12743
2.12742
2.12741
2.1274
2.1274
2.12739
2.12738
2.12737
2.12736
2.12735
2.12735
2.12734
2.12733
2.12732
2.12731
2.12731
2.1273
2.12729
2.12728
2.12727
2.12727
2.12726
2.12725
2.12724
2.12723
2.12723
2.12722
2.12721
2.1272
2.12719
2.12719
2.12718
2.12717
2.12716
2.12715
2.12715
2.12714
2.12713
2.12712
2.12711
2.1271
2.1271
2.12709
2.12708
2.12707
2.12706
2.12706
2.12705
2.12704
2.12703
2.12702
2.12702
2.12701
2.127
2.12699
2.12698
2.12698
2.12697
2.12696
2.12695
2.12694
2.12694
2.12693
2.12692
2.12691
2.1269
2.1269
2.12689
2.12688
2.12687
2.12686
2.12685
2.12685
2.12684
2.12683
2.12682
2.12681
2.12681
2.1268
2.12679
2.12678
2.12677
2.12677
2.12676
2.12675
2.12674
2.12673
2.12673
2.12672
2.12671
2.1267
2.12669
2.12669
2.12668
2.12667
2.12666
2.12665
2.12665
2.12664
2.12663
2.12662
2.12661
2.1266
2.1266
2.12659
2.12658
2.12657
2.12656
2.12656
2.12655
2.12654
2.12653
2.12652
2.12652
2.12651
2.1265
2.12649
2.12648
2.12648
2.12647
2.12646
2.12645
2.12644
2.12644
2.12643
2.12642
2.12641
2.1264
2.1264
2.12639
2.12638
2.12637
2.12636
2.12635
2.12635
2.12634
2.12633
2.12632
2.12631
2.12631
2.1263
2.12629
2.12628
2.12627
2.12627
2.12626
2.12625
2.12624
2.12623
2.12623
2.12622
2.12621
2.1262
2.12619
2.12619
2.12618
2.12617
2.12616
2.12615
2.12615
2.12614
2.12613
2.12612
2.12611
2.1261
2.1261
2.12609
2.12608
2.12607
2.12606
2.12606
2.12605
2.12604
2.12603
2.12602
2.12602
2.12601
2.126
2.12599
2.12598
2.12598
2.12597
2.12596
2.12595
2.12594
2.12594
2.12593
2.12592
2.12591
2.1259
2.1259
2.12589
2.12588
2.12587
2.12586
2.12585
2.12585
2.12584
2.12583
2.12582
2.12581
2.12581
2.1258
2.12579
2.12578
2.12577
2.12577
2.12576
2.12575
2.12574
2.12573
2.12573
2.12572
2.12571
2.1257
2.12569
2.12569
2.12568
2.12567
2.12566
2.12565
2.12565
2.12564
2.12563
2.12562
2.12561
2.1256
2.1256
2.12559
2.12558
2.12557
2.12556
2.12556
2.12555
2.12554
2.12553
2.12552
2.12552
2.12551
2.1255
2.12549
2.12548
2.12548
2.12547
2.12546
2.12545
2.12544
2.12544
2.12543
2.12542
2.12541
2.1254
2.1254
2.12539
2.12538
2.12537
2.12536
2.12535
2.12535
2.12534
2.12533
2.12532
2.12531
2.12531
2.1253
2.12529
2.12528
2.12527
2.12527
2.12526
2.12525
2.12524
2.12523
2.12523
2.12522
2.12521
2.1252
2.12519
2.12519
2.12518
2.12517
2.12516
2.12515
2.12515
2.12514
2.12513
2.12512
2.12511
2.1251
2.1251
2.12509
2.12508
2.12507
2.12506
2.12506
2.12505
2.12504
2.12503
2.12502
2.12502
2.12501
2.125
2.12499
2.12498
2.12498
2.12497
2.12496
2.12495
2.12494
2.12494
2.12493
2.12492
2.12491
2.1249
2.1249
2.12489
2.12488
2.12487
2.12486
2.12485
2.12485
2.12484
2.12483
2.12482
2.12481
2.12481
2.1248
2.12479
2.12478
2.12477
2.12477
2.12476
2.12475
2.12474
2.12473
2.12473
2.12472
2.12471
2.1247
2.12469
2.12469
2.12468
2.12467
2.12466
2.12465
2.12465
2.12464
2.12463
2.12462
2.12461
2.1246
2.1246
2.12459
2.12458
2.12457
2.12456
2.12456
2.12455
2.12454
2.12453
2.12452
2.12452
2.12451
2.1245
2.12449
2.12448
2.12448
2.12447
2.12446
2.12445
2.12444
2.12444
2.12443
2.12442
2.12441
2.1244
2.1244
2.12439
2.12438
2.12437
2.12436
2.12435
2.12435
2.12434
2.12433
2.12432
2.12431
2.12431
2.1243
2.12429
2.12428
2.12427
2.12427
2.12426
2.12425
2.12424
2.12423
2.12423
2.12422
2.12421
2.1242
2.12419
2.12419
2.12418
2.12417
2.12416
2.12415
2.12415
2.12414
2.12413
2.12412
2.12411
2.1241
2.1241
2.12409
2.12408
2.12407
2.12406
2.12406
2.12405
2.12404
2.12403
2.12402
2.12402
2.12401
2.124
2.12399
2.12398
2.12398
2.12397
2.12396
2.12395
2.12394
2.12394
2.12393
2.12392
2.12391
2.1239
2.1239
2.12389
2.12388
2.12387
2.12386
2.12385
2.12385
2.12384
2.12383
2.12382
2.12381
2.12381
2.1238
2.12379
2.12378
2.12377
2.12377
2.12376
2.12375
2.12374
2.12373
2.12373
2.12372
2.12371
2.1237
2.12369
2.12369
2.12368
2.12367
2.12366
2.12365
2.12365
2.12364
2.12363
2.12362
2.12361
2.1236
2.1236
2.12359
2.12358
2.12357
2.12356
2.12356
2.12355
2.12354
2.12353
2.12352
2.12352
2.12351
2.1235
2.12349
2.12348
2.12348
2.12347
2.12346
2.12345
2.12344
2.12344
2.12343
2.12342
2.12341
2.1234
2.1234
2.12339
2.12338
2.12337
2.12336
2.12335
2.12335
2.12334
2.12333
2.12332
2.12331
2.12331
2.1233
2.12329
2.12328
2.12327
2.12327
2.12326
2.12325
2.12324
2.12323
2.12323
2.12322
2.12321
2.1232
2.12319
2.12319
2.12318
2.12317
2.12316
2.12315
2.12315
2.12314
2.12313
2.12312
2.12311
2.1231
2.1231
2.12309
2.12308
2.12307
2.12306
2.12306
2.12305
2.12304
2.12303
2.12302
2.12302
2.12301
2.123
2.12299
2.12298
2.12298
2.12297
2.12296
2.12295
2.12294
2.12294
2.12293
2.12292
2.12291
2.1229
2.1229
2.12289
2.12288
2.12287
2.12286
2.12285
2.12285
2.12284
2.12283
2.12282
2.12281
2.12281
2.1228
2.12279
2.12278
2.12277
2.12277
2.12276
2.12275
2.12274
2.12273
2.12273
2.12272
2.12271
2.1227
2.12269
2.12269
2.12268
2.12267
2.12266
2.12265
2.12265
2.12264
2.12263
2.12262
2.12261
2.1226
2.1226
2.12259
2.12258
2.12257
2.12256
2.12256
2.12255
2.12254
2.12253
2.12252
2.12252
2.12251
2.1225
2.12249
2.12248
2.12248
2.12247
2.12246
2.12245
2.12244
2.12244
2.12243
2.12242
2.12241
2.1224
2.1224
2.12239
2.12238
2.12237
2.12236
2.12235
2.12235
2.12234
2.12233
2.12232
2.12231
2.12231
2.1223
2.12229
2.12228
2.12227
2.12227
2.12226
2.12225
2.12224
2.12223
2.12223
2.12222
2.12221
2.1222
2.12219
2.12219
2.12218
2.12217
2.12216
2.12215
2.12215
2.12214
2.12213
2.12212
2.12211
2.1221
2.1221
2.12209
2.12208
2.12207
2.12206
2.12206
2.12205
2.12204
2.12203
2.12202
2.12202
2.12201
2.122
2.12199
2.12198
2.12198
2.12197
2.12196
2.12195
2.12194
2.12194
2.12193
2.12192
2.12191
2.1219
2.1219
2.12189
2.12188
2.12187
2.12186
2.12185
2.12185
2.12184
2.12183
2.12182
2.12181
2.12181
2.1218
2.12179
2.12178
2.12177
2.12177
2.12176
2.12175
2.12174
2.12173
2.12173
2.12172
2.12171
2.1217
2.12169
2.12169
2.12168
2.12167
2.12166
2.12165
2.12165
2.12164
2.12163
2.12162
2.12161
2.1216
2.1216
2.12159
2.12158
2.12157
2.12156
2.12156
2.12155
2.12154
2.12153
2.12152
2.12152
2.12151
2.1215
2.12149
2.12148
2.12148
2.12147
2.12146
2.12145
2.12144
2.12144
2.12143
2.12142
2.12141
2.1214
2.1214
2.12139
2.12138
2.12137
2.12136
2.12135
2.12135
2.12134
2.12133
2.12132
2.12131
2.12131
2.1213
2.12129
2.12128
2.12127
2.12127
2.12126
2.12125
2.12124
2.12123
2.12123
2.12122
2.12121
2.1212
2.12119
2.12119
2.12118
2.12117
2.12116
2.12115
2.12115
2.12114
2.12113
2.12112
2.12111
2.1211
2.1211
2.12109
2.12108
2.12107
2.12106
2.12106
2.12105
2.12104
2.12103
2.12102
2.12102
2.12101
2.121
2.12099
2.12098
2.12098
2.12097
2.12096
2.12095
2.12094
2.12094
2.12093
2.12092
2.12091
2.1209
2.1209
2.12089
2.12088
2.12087
2.12086
2.12085
2.12085
2.12084
2.12083
2.12082
2.12081
2.12081
2.1208
2.12079
2.12078
2.12077
2.12077
2.12076
2.12075
2.12074
2.12073
2.12073
2.12072
2.12071
2.1207
2.12069
2.12069
2.12068
2.12067
2.12066
2.12065
2.12065
2.12064
2.12063
2.12062
2.12061
2.1206
2.1206
2.12059
2.12058
2.12057
2.12056
2.12056
2.12055
2.12054
2.12053
2.12052
2.12052
2.12051
2.1205
2.12049
2.12048
2.12048
2.12047
2.12046
2.12045
2.12044
2.12044
2.12043
2.12042
2.12041
2.1204
2.1204
2.12039
2.12038
2.12037
2.12036
2.12035
2.12035
2.12034
2.12033
2.12032
2.12031
2.12031
2.1203
2.12029
2.12028
2.12027
2.12027
2.12026
2.12025
2.12024
2.12023
2.12023
2.12022
2.12021
2.1202
2.12019
2.12019
2.12018
2.12017
2.12016
2.12015
2.12015
2.12014
2.12013
2.12012
2.12011
2.1201
2.1201
2.12009
2.12008
2.12007
2.12006
2.12006
2.12005
2.12004
2.12003
2.12002
2.12002
2.12001
2.12
2.11999
2.11998
2.11998
2.11997
2.11996
2.11995
2.11994
2.11994
2.11993
2.11992
2.11991
2.1199
2.1199
2.11989
2.11988
2.11987
2.11986
2.11985
2.11985
2.11984
2.11983
2.11982
2.11981
2.11981
2.1198
2.11979
2.11978
2.11977
2.11977
2.11976
2.11975
2.11974
2.11973
2.11973
2.11972
2.11971
2.1197
2.11969
2.11969
2.11968
2.11967
2.11966
2.11965
2.11965
2.11964
2.11963
2.11962
2.11961
2.1196
2.1196
2.11959
2.11958
2.11957
2.11956
2.11956
2.11955
2.11954
2.11953
2.11952
2.11952
2.11951
2.1195
2.11949
2.11948
2.11948
2.11947
2.11946
2.11945
2.11944
2.11944
2.11943
2.11942
2.11941
2.1194
2.1194
2.11939
2.11938
2.11937
2.11936
2.11935
2.11935
2.11934
2.11933
2.11932
2.11931
2.11931
2.1193
2.11929
2.11928
2.11927
2.11927
2.11926
2.11925
2.11924
2.11923
2.11923
2.11922
2.11921
2.1192
2.11919
2.11919
2.11918
2.11917
2.11916
2.11915
2.11915
2.11914
2.11913
2.11912
2.11911
2.1191
2.1191
2.11909
2.11908
2.11907
2.11906
2.11906
2.11905
2.11904
2.11903
2.11902
2.11902
2.11901
2.119
2.11899
2.11898
2.11898
2.11897
2.11896
2.11895
2.11894
2.11894
2.11893
2.11892
2.11891
2.1189
2.1189
2.11889
2.11888
2.11887
2.11886
2.11885
2.11885
2.11884
2.11883
2.11882
2.11881
2.11881
2.1188
2.11879
2.11878
2.11877
2.11877
2.11876
2.11875
2.11874
2.11873
2.11873
2.11872
2.11871
2.1187
2.11869
2.11869
2.11868
2.11867
2.11866
2.11865
2.11865
2.11864
2.11863
2.11862
2.11861
2.1186
2.1186
2.11859
2.11858
2.11857
2.11856
2.11856
2.11855
2.11854
2.11853
2.11852
2.11852
2.11851
2.1185
2.11849
2.11848
2.11848
2.11847
2.11846
2.11845
2.11844
2.11844
2.11843
2.11842
2.11841
2.1184
2.1184
2.11839
2.11838
2.11837
2.11836
2.11835
2.11835
2.11834
2.11833
2.11832
2.11831
2.11831
2.1183
2.11829
2.11828
2.11827
2.11827
2.11826
2.11825
2.11824
2.11823
2.11823
2.11822
2.11821
2.1182
2.11819
2.11819
2.11818
2.11817
2.11816
2.11815
2.11815
2.11814
2.11813
2.11812
2.11811
2.1181
2.1181
2.11809
2.11808
2.11807
2.11806
2.11806
2.11805
2.11804
2.11803
2.11802
2.11802
2.11801
2.118
2.11799
2.11798
2.11798
2.11797
2.11796
2.11795
2.11794
2.11794
2.11793
2.11792
2.11791
2.1179
2.1179
2.11789
2.11788
2.11787
2.11786
2.11785
2.11785
2.11784
2.11783
2.11782
2.11781
2.11781
2.1178
2.11779
2.11778
2.11777
2.11777
2.11776
2.11775
2.11774
2.11773
2.11773
2.11772
2.11771
2.1177
2.11769
2.11769
2.11768
2.11767
2.11766
2.11765
2.11765
2.11764
2.11763
2.11762
2.11761
2.1176
2.1176
2.11759
2.11758
2.11757
2.11756
2.11756
2.11755
2.11754
2.11753
2.11752
2.11752
2.11751
2.1175
2.11749
2.11748
2.11748
2.11747
2.11746
2.11745
2.11744
2.11744
2.11743
2.11742
2.11741
2.1174
2.1174
2.11739
2.11738
2.11737
2.11736
2.11735
2.11735
2.11734
2.11733
2.11732
2.11731
2.11731
2.1173
2.11729
2.11728
2.11727
2.11727
2.11726
2.11725
2.11724
2.11723
2.11723
2.11722
2.11721
2.1172
2.11719
2.11719
2.11718
2.11717
2.11716
2.11715
2.11715
2.11714
2.11713
2.11712
2.11711
2.1171
2.1171
2.11709
2.11708
2.11707
2.11706
2.11706
2.11705
2.11704
2.11703
2.11702
2.11702
2.11701
2.117
2.11699
2.11698
2.11698
2.11697
2.11696
2.11695
2.11694
2.11694
2.11693
2.11692
2.11691
2.1169
2.1169
2.11689
2.11688
2.11687
2.11686
2.11685
2.11685
2.11684
2.11683
2.11682
2.11681
2.11681
2.1168
2.11679
2.11678
2.11677
2.11677
2.11676
2.11675
2.11674
2.11673
2.11673
2.11672
2.11671
2.1167
2.11669
2.11669
2.11668
2.11667
2.11666
2.11665
2.11665
2.11664
2.11663
2.11662
2.11661
2.1166
2.1166
2.11659
2.11658
2.11657
2.11656
2.11656
2.11655
2.11654
2.11653
2.11652
2.11652
2.11651
2.1165
2.11649
2.11648
2.11648
2.11647
2.11646
2.11645
2.11644
2.11644
2.11643
2.11642
2.11641
2.1164
2.1164
2.11639
2.11638
2.11637
2.11636
2.11635
2.11635
2.11634
2.11633
2.11632
2.11631
2.11631
2.1163
2.11629
2.11628
2.11627
2.11627
2.11626
2.11625
2.11624
2.11623
2.11623
2.11622
2.11621
2.1162
2.11619
2.11619
2.11618
2.11617
2.11616
2.11615
2.11615
2.11614
2.11613
2.11612
2.11611
2.1161
2.1161
2.11609
2.11608
2.11607
2.11606
2.11606
2.11605
2.11604
2.11603
2.11602
2.11602
2.11601
2.116
2.11599
2.11598
2.11598
2.11597
2.11596
2.11595
2.11594
2.11594
2.11593
2.11592
2.11591
2.1159
2.1159
2.11589
2.11588
2.11587
2.11586
2.11585
2.11585
2.11584
2.11583
2.11582
2.11581
2.11581
2.1158
2.11579
2.11578
2.11577
2.11577
2.11576
2.11575
2.11574
2.11573
2.11573
2.11572
2.11571
2.1157
2.11569
2.11569
2.11568
2.11567
2.11566
2.11565
2.11565
2.11564
2.11563
2.11562
2.11561
2.1156
2.1156
2.11559
2.11558
2.11557
2.11556
2.11556
2.11555
2.11554
2.11553
2.11552
2.11552
2.11551
2.1155
2.11549
2.11548
2.11548
2.11547
2.11546
2.11545
2.11544
2.11544
2.11543
2.11542
2.11541
2.1154
2.1154
2.11539
2.11538
2.11537
2.11536
2.11535
2.11535
2.11534
2.11533
2.11532
2.11531
2.11531
2.1153
2.11529
2.11528
2.11527
2.11527
2.11526
2.11525
2.11524
2.11523
2.11523
2.11522
2.11521
2.1152
2.11519
2.11519
2.11518
2.11517
2.11516
2.11515
2.11515
2.11514
2.11513
2.11512
2.11511
2.1151
2.1151
2.11509
2.11508
2.11507
2.11506
2.11506
2.11505
2.11504
2.11503
2.11502
2.11502
2.11501
2.115
2.11499
2.11498
2.11498
2.11497
2.11496
2.11495
2.11494
2.11494
2.11493
2.11492
2.11491
2.1149
2.1149
2.11489
2.11488
2.11487
2.11486
2.11485
2.11485
2.11484
2.11483
2.11482
2.11481
2.11481
2.1148
2.11479
2.11478
2.11477
2.11477
2.11476
2.11475
2.11474
2.11473
2.11473
2.11472
2.11471
2.1147
2.11469
2.11469
2.11468
2.11467
2.11466
2.11465
2.11465
2.11464
2.11463
2.11462
2.11461
2.1146
2.1146
2.11459
2.11458
2.11457
2.11456
2.11456
2.11455
2.11454
2.11453
2.11452
2.11452
2.11451
2.1145
2.11449
2.11448
2.11448
2.11447
2.11446
2.11445
2.11444
2.11444
2.11443
2.11442
2.11441
2.1144
2.1144
2.11439
2.11438
2.11437
2.11436
2.11435
2.11435
2.11434
2.11433
2.11432
2.11431
2.11431
2.1143
2.11429
2.11428
2.11427
2.11427
2.11426
2.11425
2.11424
2.11423
2.11423
2.11422
2.11421
2.1142
2.11419
2.11419
2.11418
2.11417
2.11416
2.11415
2.11415
2.11414
2.11413
2.11412
2.11411
2.1141
2.1141
2.11409
2.11408
2.11407
2.11406
2.11406
2.11405
2.11404
2.11403
2.11402
2.11402
2.11401
2.114
2.11399
2.11398
2.11398
2.11397
2.11396
2.11395
2.11394
2.11394
2.11393
2.11392
2.11391
2.1139
2.1139
2.11389
2.11388
2.11387
2.11386
2.11385
2.11385
2.11384
2.11383
2.11382
2.11381
2.11381
2.1138
2.11379
2.11378
2.11377
2.11377
2.11376
2.11375
2.11374
2.11373
2.11373
2.11372
2.11371
2.1137
2.11369
2.11369
2.11368
2.11367
2.11366
2.11365
2.11365
2.11364
2.11363
2.11362
2.11361
2.1136
2.1136
2.11359
2.11358
2.11357
2.11356
2.11356
2.11355
2.11354
2.11353
2.11352
2.11352
2.11351
2.1135
2.11349
2.11348
2.11348
2.11347
2.11346
2.11345
2.11344
2.11344
2.11343
2.11342
2.11341
2.1134
2.1134
2.11339
2.11338
2.11337
2.11336
2.11335
2.11335
2.11334
2.11333
2.11332
2.11331
2.11331
2.1133
2.11329
2.11328
2.11327
2.11327
2.11326
2.11325
2.11324
2.11323
2.11323
2.11322
2.11321
2.1132
2.11319
2.11319
2.11318
2.11317
2.11316
2.11315
2.11315
2.11314
2.11313
2.11312
2.11311
2.1131
2.1131
2.11309
2.11308
2.11307
2.11306
2.11306
2.11305
2.11304
2.11303
2.11302
2.11302
2.11301
2.113
2.11299
2.11298
2.11298
2.11297
2.11296
2.11295
2.11294
2.11294
2.11293
2.11292
2.11291
2.1129
2.1129
2.11289
2.11288
2.11287
2.11286
2.11285
2.11285
2.11284
2.11283
2.11282
2.11281
2.11281
2.1128
2.11279
2.11278
2.11277
2.11277
2.11276
2.11275
2.11274
2.11273
2.11273
2.11272
2.11271
2.1127
2.11269
2.11269
2.11268
2.11267
2.11266
2.11265
2.11265
2.11264
2.11263
2.11262
2.11261
2.1126
2.1126
2.11259
2.11258
2.11257
2.11256
2.11256
2.11255
2.11254
2.11253
2.11252
2.11252
2.11251
2.1125
2.11249
2.11248
2.11248
2.11247
2.11246
2.11245
2.11244
2.11244
2.11243
2.11242
2.11241
2.1124
2.1124
2.11239
2.11238
2.11237
2.11236
2.11235
2.11235
2.11234
2.11233
2.11232
2.11231
2.11231
2.1123
2.11229
2.11228
2.11227
2.11227
2.11226
2.11225
2.11224
2.11223
2.11223
2.11222
2.11221
2.1122
2.11219
2.11219
2.11218
2.11217
2.11216
2.11215
2.11215
2.11214
2.11213
2.11212
2.11211
2.1121
2.1121
2.11209
2.11208
2.11207
2.11206
2.11206
2.11205
2.11204
2.11203
2.11202
2.11202
2.11201
2.112
2.11199
2.11198
2.11198
2.11197
2.11196
2.11195
2.11194
2.11194
2.11193
2.11192
2.11191
2.1119
2.1119
2.11189
2.11188
2.11187
2.11186
2.11185
2.11185
2.11184
2.11183
2.11182
2.11181
2.11181
2.1118
2.11179
2.11178
2.11177
2.11177
2.11176
2.11175
2.11174
2.11173
2.11173
2.11172
2.11171
2.1117
2.11169
2.11169
2.11168
2.11167
2.11166
2.11165
2.11165
2.11164
2.11163
2.11162
2.11161
2.1116
2.1116
2.11159
2.11158
2.11157
2.11156
2.11156
2.11155
2.11154
2.11153
2.11152
2.11152
2.11151
2.1115
2.11149
2.11148
2.11148
2.11147
2.11146
2.11145
2.11144
2.11144
2.11143
2.11142
2.11141
2.1114
2.1114
2.11139
2.11138
2.11137
2.11136
2.11135
2.11135
2.11134
2.11133
2.11132
2.11131
2.11131
2.1113
2.11129
2.11128
2.11127
2.11127
2.11126
2.11125
2.11124
2.11123
2.11123
2.11122
2.11121
2.1112
2.11119
2.11119
2.11118
2.11117
2.11116
2.11115
2.11115
2.11114
2.11113
2.11112
2.11111
2.1111
2.1111
2.11109
2.11108
2.11107
2.11106
2.11106
2.11105
2.11104
2.11103
2.11102
2.11102
2.11101
2.111
2.11099
2.11098
2.11098
2.11097
2.11096
2.11095
2.11094
2.11094
2.11093
2.11092
2.11091
2.1109
2.1109
2.11089
2.11088
2.11087
2.11086
2.11085
2.11085
2.11084
2.11083
2.11082
2.11081
2.11081
2.1108
2.11079
2.11078
2.11077
2.11077
2.11076
2.11075
2.11074
2.11073
2.11073
2.11072
2.11071
2.1107
2.11069
2.11069
2.11068
2.11067
2.11066
2.11065
2.11065
2.11064
2.11063
2.11062
2.11061
2.1106
2.1106
2.11059
2.11058
2.11057
2.11056
2.11056
2.11055
2.11054
2.11053
2.11052
2.11052
2.11051
2.1105
2.11049
2.11048
2.11048
2.11047
2.11046
2.11045
2.11044
2.11044
2.11043
2.11042
2.11041
2.1104
2.1104
2.11039
2.11038
2.11037
2.11036
2.11035
2.11035
2.11034
2.11033
2.11032
2.11031
2.11031
2.1103
2.11029
2.11028
2.11027
2.11027
2.11026
2.11025
2.11024
2.11023
2.11023
2.11022
2.11021
2.1102
2.11019
2.11019
2.11018
2.11017
2.11016
2.11015
2.11015
2.11014
2.11013
2.11012
2.11011
2.1101
2.1101
2.11009
2.11008
2.11007
2.11006
2.11006
2.11005
2.11004
2.11003
2.11002
2.11002
2.11001
2.11
2.10999
2.10998
2.10998
2.10997
2.10996
2.10995
2.10994
2.10994
2.10993
2.10992
2.10991
2.1099
2.1099
2.10989
2.10988
2.10987
2.10986
2.10985
2.10985
2.10984
2.10983
2.10982
2.10981
2.10981
2.1098
2.10979
2.10978
2.10977
2.10977
2.10976
2.10975
2.10974
2.10973
2.10973
2.10972
2.10971
2.1097
2.10969
2.10969
2.10968
2.10967
2.10966
2.10965
2.10965
2.10964
2.10963
2.10962
2.10961
2.1096
2.1096
2.10959
2.10958
2.10957
2.10956
2.10956
2.10955
2.10954
2.10953
2.10952
2.10952
2.10951
2.1095
2.10949
2.10948
2.10948
2.10947
2.10946
2.10945
2.10944
2.10944
2.10943
2.10942
2.10941
2.1094
2.1094
2.10939
2.10938
2.10937
2.10936
2.10935
2.10935
2.10934
2.10933
2.10932
2.10931
2.10931
2.1093
2.10929
2.10928
2.10927
2.10927
2.10926
2.10925
2.10924
2.10923
2.10923
2.10922
2.10921
2.1092
2.10919
2.10919
2.10918
2.10917
2.10916
2.10915
2.10915
2.10914
2.10913
2.10912
2.10911
2.1091
2.1091
2.10909
2.10908
2.10907
2.10906
2.10906
2.10905
2.10904
2.10903
2.10902
2.10902
2.10901
2.109
2.10899
2.10898
2.10898
2.10897
2.10896
2.10895
2.10894
2.10894
2.10893
2.10892
2.10891
2.1089
2.1089
2.10889
2.10888
2.10887
2.10886
2.10885
2.10885
2.10884
2.10883
2.10882
2.10881
2.10881
2.1088
2.10879
2.10878
2.10877
2.10877
2.10876
2.10875
2.10874
2.10873
2.10873
2.10872
2.10871
2.1087
2.10869
2.10869
2.10868
2.10867
2.10866
2.10865
2.10865
2.10864
2.10863
2.10862
2.10861
2.1086
2.1086
2.10859
2.10858
2.10857
2.10856
2.10856
2.10855
2.10854
2.10853
2.10852
2.10852
2.10851
2.1085
2.10849
2.10848
2.10848
2.10847
2.10846
2.10845
2.10844
2.10844
2.10843
2.10842
2.10841
2.1084
2.1084
2.10839
2.10838
2.10837
2.10836
2.10835
2.10835
2.10834
2.10833
2.10832
2.10831
2.10831
2.1083
2.10829
2.10828
2.10827
2.10827
2.10826
2.10825
2.10824
2.10823
2.10823
2.10822
2.10821
2.1082
2.10819
2.10819
2.10818
2.10817
2.10816
2.10815
2.10815
2.10814
2.10813
2.10812
2.10811
2.1081
2.1081
2.10809
2.10808
2.10807
2.10806
2.10806
2.10805
2.10804
2.10803
2.10802
2.10802
2.10801
2.108
2.10799
2.10798
2.10798
2.10797
2.10796
2.10795
2.10794
2.10794
2.10793
2.10792
2.10791
2.1079
2.1079
2.10789
2.10788
2.10787
2.10786
2.10785
2.10785
2.10784
2.10783
2.10782
2.10781
2.10781
2.1078
2.10779
2.10778
2.10777
2.10777
2.10776
2.10775
2.10774
2.10773
2.10773
2.10772
2.10771
2.1077
2.10769
2.10769
2.10768
2.10767
2.10766
2.10765
2.10765
2.10764
2.10763
2.10762
2.10761
2.1076
2.1076
2.10759
2.10758
2.10757
2.10756
2.10756
2.10755
2.10754
2.10753
2.10752
2.10752
2.10751
2.1075
2.10749
2.10748
2.10748
2.10747
2.10746
2.10745
2.10744
2.10744
2.10743
2.10742
2.10741
2.1074
2.1074
2.10739
2.10738
2.10737
2.10736
2.10735
2.10735
2.10734
2.10733
2.10732
2.10731
2.10731
2.1073
2.10729
2.10728
2.10727
2.10727
2.10726
2.10725
2.10724
2.10723
2.10723
2.10722
2.10721
2.1072
2.10719
2.10719
2.10718
2.10717
2.10716
2.10715
2.10715
2.10714
2.10713
2.10712
2.10711
2.1071
2.1071
2.10709
2.10708
2.10707
2.10706
2.10706
2.10705
2.10704
2.10703
2.10702
2.10702
2.10701
2.107
2.10699
2.10698
2.10698
2.10697
2.10696
2.10695
2.10694
2.10694
2.10693
2.10692
2.10691
2.1069
2.1069
2.10689
2.10688
2.10687
2.10686
2.10685
2.10685
2.10684
2.10683
2.10682
2.10681
2.10681
2.1068
2.10679
2.10678
2.10677
2.10677
2.10676
2.10675
2.10674
2.10673
2.10673
2.10672
2.10671
2.1067
2.10669
2.10669
2.10668
2.10667
2.10666
2.10665
2.10665
2.10664
2.10663
2.10662
2.10661
2.1066
2.1066
2.10659
2.10658
2.10657
2.10656
2.10656
2.10655
2.10654
2.10653
2.10652
2.10652
2.10651
2.1065
2.10649
2.10648
2.10648
2.10647
2.10646
2.10645
2.10644
2.10644
2.10643
2.10642
2.10641
2.1064
2.1064
2.10639
2.10638
2.10637
2.10636
2.10635
2.10635
2.10634
2.10633
2.10632
2.10631
2.10631
2.1063
2.10629
2.10628
2.10627
2.10627
2.10626
2.10625
2.10624
2.10623
2.10623
2.10622
2.10621
2.1062
2.10619
2.10619
2.10618
2.10617
2.10616
2.10615
2.10615
2.10614
2.10613
2.10612
2.10611
2.1061
2.1061
2.10609
2.10608
2.10607
2.10606
2.10606
2.10605
2.10604
2.10603
2.10602
2.10602
2.10601
2.106
2.10599
2.10598
2.10598
2.10597
2.10596
2.10595
2.10594
2.10594
2.10593
2.10592
2.10591
2.1059
2.1059
2.10589
2.10588
2.10587
2.10586
2.10585
2.10585
2.10584
2.10583
2.10582
2.10581
2.10581
2.1058
2.10579
2.10578
2.10577
2.10577
2.10576
2.10575
2.10574
2.10573
2.10573
2.10572
2.10571
2.1057
2.10569
2.10569
2.10568
2.10567
2.10566
2.10565
2.10565
2.10564
2.10563
2.10562
2.10561
2.1056
2.1056
2.10559
2.10558
2.10557
2.10556
2.10556
2.10555
2.10554
2.10553
2.10552
2.10552
2.10551
2.1055
2.10549
2.10548
2.10548
2.10547
2.10546
2.10545
2.10544
2.10544
2.10543
2.10542
2.10541
2.1054
2.1054
2.10539
2.10538
2.10537
2.10536
2.10535
2.10535
2.10534
2.10533
2.10532
2.10531
2.10531
2.1053
2.10529
2.10528
2.10527
2.10527
2.10526
2.10525
2.10524
2.10523
2.10523
2.10522
2.10521
2.1052
2.10519
2.10519
2.10518
2.10517
2.10516
2.10515
2.10515
2.10514
2.10513
2.10512
2.10511
2.1051
2.1051
2.10509
2.10508
2.10507
