4.67396
4.67395
4.67394
4.67394
4.67393
4.67392
4.67391
4.6739
4.6739
4.67389
4.67388
4.67387
4.67386
4.67385
4.67385
4.67384
4.67383
4.67382
4.67381
4.67381
4.6738
4.67379
4.67378
4.67377
4.67377
4.67376
4.67375
4.67374
4.67373
4.67373
4.67372
4.67371
4.6737
4.67369
4.67369
4.67368
4.67367
4.67366
4.67365
4.67365
4.67364
4.67363
4.67362
4.67361
4.6736
4.6736
4.67359
4.67358
4.67357
4.67356
4.67356
4.67355
4.67354
4.67353
4.67352
4.67352
4.67351
4.6735
4.67349
4.67348
4.67348
4.67347
4.67346
4.67345
4.67344
4.67344
4.67343
4.67342
4.67341
4.6734
4.6734
4.67339
4.67338
4.67337
4.67336
4.67335
4.67335
4.67334
4.67333
4.67332
4.67331
4.67331
4.6733
4.67329
4.67328
4.67327
4.67327
4.67326
4.67325
4.67324
4.67323
4.67323
4.67322
4.67321
4.6732
4.67319
4.67319
4.67318
4.67317
4.67316
4.67315
4.67315
4.67314
4.67313
4.67312
4.67311
4.6731
4.6731
4.67309
4.67308
4.67307
4.67306
4.67306
4.67305
4.67304
4.67303
4.67302
4.67302
4.67301
4.673
4.67299
4.67298
4.67298
4.67297
4.67296
4.67295
4.67294
4.67294
4.67293
4.67292
4.67291
4.6729
4.67289
4.67289
4.67288
4.67287
4.67286
4.67285
4.67285
4.67284
4.67283
4.67282
4.67281
4.67281
4.6728
4.67279
4.67278
4.67277
4.67277
4.67276
4.67275
4.67274
4.67273
4.67273
4.67272
4.67271
4.6727
4.67269
4.67269
4.67268
4.67267
4.67266
4.67265
4.67265
4.67264
4.67263
4.67262
4.67261
4.67261
4.6726
4.67259
4.67258
4.67257
4.67256
4.67256
4.67255
4.67254
4.67253
4.67252
4.67252
4.67251
4.6725
4.67249
4.67248
4.67248
4.67247
4.67246
4.67245
4.67244
4.67244
4.67243
4.67242
4.67241
4.6724
4.6724
4.67239
4.67238
4.67237
4.67236
4.67235
4.67235
4.67234
4.67233
4.67232
4.67231
4.67231
4.6723
4.67229
4.67228
4.67227
4.67227
4.67226
4.67225
4.67224
4.67223
4.67223
4.67222
4.67221
4.6722
4.67219
4.67219
4.67218
4.67217
4.67216
4.67215
4.67215
4.67214
4.67213
4.67212
4.67211
4.6721
4.6721
4.67209
4.67208
4.67207
4.67206
4.67206
4.67205
4.67204
4.67203
4.67202
4.67202
4.67201
4.672
4.67199
4.67198
4.67198
4.67197
4.67196
4.67195
4.67194
4.67194
4.67193
4.67192
4.67191
4.6719
4.6719
4.67189
4.67188
4.67187
4.67186
4.67185
4.67185
4.67184
4.67183
4.67182
4.67181
4.67181
4.6718
4.67179
4.67178
4.67177
4.67177
4.67176
4.67175
4.67174
4.67173
4.67173
4.67172
4.67171
4.6717
4.67169
4.67169
4.67168
4.67167
4.67166
4.67165
4.67165
4.67164
4.67163
4.67162
4.67161
4.6716
4.6716
4.67159
4.67158
4.67157
4.67156
4.67156
4.67155
4.67154
4.67153
4.67152
4.67152
4.67151
4.6715
4.67149
4.67148
4.67148
4.67147
4.67146
4.67145
4.67144
4.67144
4.67143
4.67142
4.67141
4.6714
4.6714
4.67139
4.67138
4.67137
4.67136
4.67135
4.67135
4.67134
4.67133
4.67132
4.67131
4.67131
4.6713
4.67129
4.67128
4.67127
4.67127
4.67126
4.67125
4.67124
4.67123
4.67123
4.67122
4.67121
4.6712
4.67119
4.67119
4.67118
4.67117
4.67116
4.67115
4.67114
4.67114
4.67113
4.67112
4.67111
4.6711
4.6711
4.67109
4.67108
4.67107
4.67106
4.67106
4.67105
4.67104
4.67103
4.67102
4.67102
4.67101
4.671
4.67099
4.67098
4.67098
4.67097
4.67096
4.67095
4.67094
4.67094
4.67093
4.67092
4.67091
4.6709
4.6709
4.67089
4.67088
4.67087
4.67086
4.67086
4.67085
4.67084
4.67083
4.67082
4.67081
4.67081
4.6708
4.67079
4.67078
4.67077
4.67077
4.67076
4.67075
4.67074
4.67073
4.67073
4.67072
4.67071
4.6707
4.67069
4.67069
4.67068
4.67067
4.67066
4.67065
4.67065
4.67064
4.67063
4.67062
4.67061
4.6706
4.6706
4.67059
4.67058
4.67057
4.67056
4.67056
4.67055
4.67054
4.67053
4.67052
4.67052
4.67051
4.6705
4.67049
4.67048
4.67048
4.67047
4.67046
4.67045
4.67044
4.67044
4.67043
4.67042
4.67041
4.6704
4.6704
4.67039
4.67038
4.67037
4.67036
4.67035
4.67035
4.67034
4.67033
4.67032
4.67031
4.67031
4.6703
4.67029
4.67028
4.67027
4.67027
4.67026
4.67025
4.67024
4.67023
4.67023
4.67022
4.67021
4.6702
4.67019
4.67019
4.67018
4.67017
4.67016
4.67015
4.67015
4.67014
4.67013
4.67012
4.67011
4.6701
4.6701
4.67009
4.67008
4.67007
4.67006
4.67006
4.67005
4.67004
4.67003
4.67002
4.67002
4.67001
4.67
4.66999
4.66998
4.66998
4.66997
4.66996
4.66995
4.66994
4.66994
4.66993
4.66992
4.66991
4.6699
4.6699
4.66989
4.66988
4.66987
4.66986
4.66985
4.66985
4.66984
4.66983
4.66982
4.66981
4.66981
4.6698
4.66979
4.66978
4.66977
4.66977
4.66976
4.66975
4.66974
4.66973
4.66973
4.66972
4.66971
4.6697
4.66969
4.66969
4.66968
4.66967
4.66966
4.66965
4.66965
4.66964
4.66963
4.66962
4.66961
4.6696
4.6696
4.66959
4.66958
4.66957
4.66956
4.66956
4.66955
4.66954
4.66953
4.66952
4.66952
4.66951
4.6695
4.66949
4.66948
4.66948
4.66947
4.66946
4.66945
4.66944
4.66944
4.66943
4.66942
4.66941
4.6694
4.66939
4.66939
4.66938
4.66937
4.66936
4.66935
4.66935
4.66934
4.66933
4.66932
4.66931
4.66931
4.6693
4.66929
4.66928
4.66927
4.66927
4.66926
4.66925
4.66924
4.66923
4.66923
4.66922
4.66921
4.6692
4.66919
4.66919
4.66918
4.66917
4.66916
4.66915
4.66915
4.66914
4.66913
4.66912
4.66911
4.66911
4.6691
4.66909
4.66908
4.66907
4.66906
4.66906
4.66905
4.66904
4.66903
4.66902
4.66902
4.66901
4.669
4.66899
4.66898
4.66898
4.66897
4.66896
4.66895
4.66894
4.66894
4.66893
4.66892
4.66891
4.6689
4.6689
4.66889
4.66888
4.66887
4.66886
4.66885
4.66885
4.66884
4.66883
4.66882
4.66881
4.66881
4.6688
4.66879
4.66878
4.66877
4.66877
4.66876
4.66875
4.66874
4.66873
4.66873
4.66872
4.66871
4.6687
4.66869
4.66869
4.66868
4.66867
4.66866
4.66865
4.66865
4.66864
4.66863
4.66862
4.66861
4.6686
4.6686
4.66859
4.66858
4.66857
4.66856
4.66856
4.66855
4.66854
4.66853
4.66852
4.66852
4.66851
4.6685
4.66849
4.66848
4.66848
4.66847
4.66846
4.66845
4.66844
4.66844
4.66843
4.66842
4.66841
4.6684
4.6684
4.66839
4.66838
4.66837
4.66836
4.66835
4.66835
4.66834
4.66833
4.66832
4.66831
4.66831
4.6683
4.66829
4.66828
4.66827
4.66827
4.66826
4.66825
4.66824
4.66823
4.66823
4.66822
4.66821
4.6682
4.66819
4.66819
4.66818
4.66817
4.66816
4.66815
4.66815
4.66814
4.66813
4.66812
4.66811
4.6681
4.6681
4.66809
4.66808
4.66807
4.66806
4.66806
4.66805
4.66804
4.66803
4.66802
4.66802
4.66801
4.668
4.66799
4.66798
4.66798
4.66797
4.66796
4.66795
4.66794
4.66794
4.66793
4.66792
4.66791
4.6679
4.6679
4.66789
4.66788
4.66787
4.66786
4.66785
4.66785
4.66784
4.66783
4.66782
4.66781
4.66781
4.6678
4.66779
4.66778
4.66777
4.66777
4.66776
4.66775
4.66774
4.66773
4.66773
4.66772
4.66771
4.6677
4.66769
4.66769
4.66768
4.66767
4.66766
4.66765
4.66764
4.66764
4.66763
4.66762
4.66761
4.6676
4.6676
4.66759
4.66758
4.66757
4.66756
4.66756
4.66755
4.66754
4.66753
4.66752
4.66752
4.66751
4.6675
4.66749
4.66748
4.66748
4.66747
4.66746
4.66745
4.66744
4.66744
4.66743
4.66742
4.66741
4.6674
4.6674
4.66739
4.66738
4.66737
4.66736
4.66736
4.66735
4.66734
4.66733
4.66732
4.66731
4.66731
4.6673
4.66729
4.66728
4.66727
4.66727
4.66726
4.66725
4.66724
4.66723
4.66723
4.66722
4.66721
4.6672
4.66719
4.66719
4.66718
4.66717
4.66716
4.66715
4.66715
4.66714
4.66713
4.66712
4.66711
4.6671
4.6671
4.66709
4.66708
4.66707
4.66706
4.66706
4.66705
4.66704
4.66703
4.66702
4.66702
4.66701
4.667
4.66699
4.66698
4.66698
4.66697
4.66696
4.66695
4.66694
4.66694
4.66693
4.66692
4.66691
4.6669
4.6669
4.66689
4.66688
4.66687
4.66686
4.66685
4.66685
4.66684
4.66683
4.66682
4.66681
4.66681
4.6668
4.66679
4.66678
4.66677
4.66677
4.66676
4.66675
4.66674
4.66673
4.66673
4.66672
4.66671
4.6667
4.66669
4.66669
4.66668
4.66667
4.66666
4.66665
4.66665
4.66664
4.66663
4.66662
4.66661
4.6666
4.6666
4.66659
4.66658
4.66657
4.66656
4.66656
4.66655
4.66654
4.66653
4.66652
4.66652
4.66651
4.6665
4.66649
4.66648
4.66648
4.66647
4.66646
4.66645
4.66644
4.66644
4.66643
4.66642
4.66641
4.6664
4.6664
4.66639
4.66638
4.66637
4.66636
4.66635
4.66635
4.66634
4.66633
4.66632
4.66631
4.66631
4.6663
4.66629
4.66628
4.66627
4.66627
4.66626
4.66625
4.66624
4.66623
4.66623
4.66622
4.66621
4.6662
4.66619
4.66619
4.66618
4.66617
4.66616
4.66615
4.66615
4.66614
4.66613
4.66612
4.66611
4.6661
4.6661
4.66609
4.66608
4.66607
4.66606
4.66606
4.66605
4.66604
4.66603
4.66602
4.66602
4.66601
4.666
4.66599
4.66598
4.66598
4.66597
4.66596
4.66595
4.66594
4.66594
4.66593
4.66592
4.66591
4.6659
4.66589
4.66589
4.66588
4.66587
4.66586
4.66585
4.66585
4.66584
4.66583
4.66582
4.66581
4.66581
4.6658
4.66579
4.66578
4.66577
4.66577
4.66576
4.66575
4.66574
4.66573
4.66573
4.66572
4.66571
4.6657
4.66569
4.66569
4.66568
4.66567
4.66566
4.66565
4.66565
4.66564
4.66563
4.66562
4.66561
4.66561
4.6656
4.66559
4.66558
4.66557
4.66556
4.66556
4.66555
4.66554
4.66553
4.66552
4.66552
4.66551
4.6655
4.66549
4.66548
4.66548
4.66547
4.66546
4.66545
4.66544
4.66544
4.66543
4.66542
4.66541
4.6654
4.6654
4.66539
4.66538
4.66537
4.66536
4.66535
4.66535
4.66534
4.66533
4.66532
4.66531
4.66531
4.6653
4.66529
4.66528
4.66527
4.66527
4.66526
4.66525
4.66524
4.66523
4.66523
4.66522
4.66521
4.6652
4.66519
4.66519
4.66518
4.66517
4.66516
4.66515
4.66515
4.66514
4.66513
4.66512
4.66511
4.6651
4.6651
4.66509
4.66508
4.66507
4.66506
4.66506
4.66505
4.66504
4.66503
4.66502
4.66502
4.66501
4.665
4.66499
4.66498
4.66498
4.66497
4.66496
4.66495
4.66494
4.66494
4.66493
4.66492
4.66491
4.6649
4.6649
4.66489
4.66488
4.66487
4.66486
4.66486
4.66485
4.66484
4.66483
4.66482
4.66481
4.66481
4.6648
4.66479
4.66478
4.66477
4.66477
4.66476
4.66475
4.66474
4.66473
4.66473
4.66472
4.66471
4.6647
4.66469
4.66469
4.66468
4.66467
4.66466
4.66465
4.66465
4.66464
4.66463
4.66462
4.66461
4.6646
4.6646
4.66459
4.66458
4.66457
4.66456
4.66456
4.66455
4.66454
4.66453
4.66452
4.66452
4.66451
4.6645
4.66449
4.66448
4.66448
4.66447
4.66446
4.66445
4.66444
4.66444
4.66443
4.66442
4.66441
4.6644
4.6644
4.66439
4.66438
4.66437
4.66436
4.66435
4.66435
4.66434
4.66433
4.66432
4.66431
4.66431
4.6643
4.66429
4.66428
4.66427
4.66427
4.66426
4.66425
4.66424
4.66423
4.66423
4.66422
4.66421
4.6642
4.66419
4.66419
4.66418
4.66417
4.66416
4.66415
4.66414
4.66414
4.66413
4.66412
4.66411
4.6641
4.6641
4.66409
4.66408
4.66407
4.66406
4.66406
4.66405
4.66404
4.66403
4.66402
4.66402
4.66401
4.664
4.66399
4.66398
4.66398
4.66397
4.66396
4.66395
4.66394
4.66394
4.66393
4.66392
4.66391
4.6639
4.6639
4.66389
4.66388
4.66387
4.66386
4.66386
4.66385
4.66384
4.66383
4.66382
4.66381
4.66381
4.6638
4.66379
4.66378
4.66377
4.66377
4.66376
4.66375
4.66374
4.66373
4.66373
4.66372
4.66371
4.6637
4.66369
4.66369
4.66368
4.66367
4.66366
4.66365
4.66365
4.66364
4.66363
4.66362
4.66361
4.6636
4.6636
4.66359
4.66358
4.66357
4.66356
4.66356
4.66355
4.66354
4.66353
4.66352
4.66352
4.66351
4.6635
4.66349
4.66348
4.66348
4.66347
4.66346
4.66345
4.66344
4.66344
4.66343
4.66342
4.66341
4.6634
4.66339
4.66339
4.66338
4.66337
4.66336
4.66335
4.66335
4.66334
4.66333
4.66332
4.66331
4.66331
4.6633
4.66329
4.66328
4.66327
4.66327
4.66326
4.66325
4.66324
4.66323
4.66323
4.66322
4.66321
4.6632
4.66319
4.66319
4.66318
4.66317
4.66316
4.66315
4.66315
4.66314
4.66313
4.66312
4.66311
4.66311
4.6631
4.66309
4.66308
4.66307
4.66306
4.66306
4.66305
4.66304
4.66303
4.66302
4.66302
4.66301
4.663
4.66299
4.66298
4.66298
4.66297
4.66296
4.66295
4.66294
4.66294
4.66293
4.66292
4.66291
4.6629
4.6629
4.66289
4.66288
4.66287
4.66286
4.66285
4.66285
4.66284
4.66283
4.66282
4.66281
4.66281
4.6628
4.66279
4.66278
4.66277
4.66277
4.66276
4.66275
4.66274
4.66273
4.66273
4.66272
4.66271
4.6627
4.66269
4.66269
4.66268
4.66267
4.66266
4.66265
4.66265
4.66264
4.66263
4.66262
4.66261
4.6626
4.6626
4.66259
4.66258
4.66257
4.66256
4.66256
4.66255
4.66254
4.66253
4.66252
4.66252
4.66251
4.6625
4.66249
4.66248
4.66248
4.66247
4.66246
4.66245
4.66244
4.66244
4.66243
4.66242
4.66241
4.6624
4.6624
4.66239
4.66238
4.66237
4.66236
4.66235
4.66235
4.66234
4.66233
4.66232
4.66231
4.66231
4.6623
4.66229
4.66228
4.66227
4.66227
4.66226
4.66225
4.66224
4.66223
4.66223
4.66222
4.66221
4.6622
4.66219
4.66219
4.66218
4.66217
4.66216
4.66215
4.66215
4.66214
4.66213
4.66212
4.66211
4.6621
4.6621
4.66209
4.66208
4.66207
4.66206
4.66206
4.66205
4.66204
4.66203
4.66202
4.66202
4.66201
4.662
4.66199
4.66198
4.66198
4.66197
4.66196
4.66195
4.66194
4.66194
4.66193
4.66192
4.66191
4.6619
4.6619
4.66189
4.66188
4.66187
4.66186
4.66185
4.66185
4.66184
4.66183
4.66182
4.66181
4.66181
4.6618
4.66179
4.66178
4.66177
4.66177
4.66176
4.66175
4.66174
4.66173
4.66173
4.66172
4.66171
4.6617
4.66169
4.66169
4.66168
4.66167
4.66166
4.66165
4.66164
4.66164
4.66163
4.66162
4.66161
4.6616
4.6616
4.66159
4.66158
4.66157
4.66156
4.66156
4.66155
4.66154
4.66153
4.66152
4.66152
4.66151
4.6615
4.66149
4.66148
4.66148
4.66147
4.66146
4.66145
4.66144
4.66144
4.66143
4.66142
4.66141
4.6614
4.6614
4.66139
4.66138
4.66137
4.66136
4.66136
4.66135
4.66134
4.66133
4.66132
4.66131
4.66131
4.6613
4.66129
4.66128
4.66127
4.66127
4.66126
4.66125
4.66124
4.66123
4.66123
4.66122
4.66121
4.6612
4.66119
4.66119
4.66118
4.66117
4.66116
4.66115
4.66115
4.66114
4.66113
4.66112
4.66111
4.6611
4.6611
4.66109
4.66108
4.66107
4.66106
4.66106
4.66105
4.66104
4.66103
4.66102
4.66102
4.66101
4.661
4.66099
4.66098
4.66098
4.66097
4.66096
4.66095
4.66094
4.66094
4.66093
4.66092
4.66091
4.6609
4.6609
4.66089
4.66088
4.66087
4.66086
4.66085
4.66085
4.66084
4.66083
4.66082
4.66081
4.66081
4.6608
4.66079
4.66078
4.66077
4.66077
4.66076
4.66075
4.66074
4.66073
4.66073
4.66072
4.66071
4.6607
4.66069
4.66069
4.66068
4.66067
4.66066
4.66065
4.66065
4.66064
4.66063
4.66062
4.66061
4.6606
4.6606
4.66059
4.66058
4.66057
4.66056
4.66056
4.66055
4.66054
4.66053
4.66052
4.66052
4.66051
4.6605
4.66049
4.66048
4.66048
4.66047
4.66046
4.66045
4.66044
4.66044
4.66043
4.66042
4.66041
4.6604
4.6604
4.66039
4.66038
4.66037
4.66036
4.66035
4.66035
4.66034
4.66033
4.66032
4.66031
4.66031
4.6603
4.66029
4.66028
4.66027
4.66027
4.66026
4.66025
4.66024
4.66023
4.66023
4.66022
4.66021
4.6602
4.66019
4.66019
4.66018
4.66017
4.66016
4.66015
4.66015
4.66014
4.66013
4.66012
4.66011
4.6601
4.6601
4.66009
4.66008
4.66007
4.66006
4.66006
4.66005
4.66004
4.66003
4.66002
4.66002
4.66001
4.66
4.65999
4.65998
4.65998
4.65997
4.65996
4.65995
4.65994
4.65994
4.65993
4.65992
4.65991
4.6599
4.65989
4.65989
4.65988
4.65987
4.65986
4.65985
4.65985
4.65984
4.65983
4.65982
4.65981
4.65981
4.6598
4.65979
4.65978
4.65977
4.65977
4.65976
4.65975
4.65974
4.65973
4.65973
4.65972
4.65971
4.6597
4.65969
4.65969
4.65968
4.65967
4.65966
4.65965
4.65965
4.65964
4.65963
4.65962
4.65961
4.65961
4.6596
4.65959
4.65958
4.65957
4.65956
4.65956
4.65955
4.65954
4.65953
4.65952
4.65952
4.65951
4.6595
4.65949
4.65948
4.65948
4.65947
4.65946
4.65945
4.65944
4.65944
4.65943
4.65942
4.65941
4.6594
4.6594
4.65939
4.65938
4.65937
4.65936
4.65935
4.65935
4.65934
4.65933
4.65932
4.65931
4.65931
4.6593
4.65929
4.65928
4.65927
4.65927
4.65926
4.65925
4.65924
4.65923
4.65923
4.65922
4.65921
4.6592
4.65919
4.65919
4.65918
4.65917
4.65916
4.65915
4.65915
4.65914
4.65913
4.65912
4.65911
4.6591
4.6591
4.65909
4.65908
4.65907
4.65906
4.65906
4.65905
4.65904
4.65903
4.65902
4.65902
4.65901
4.659
4.65899
4.65898
4.65898
4.65897
4.65896
4.65895
4.65894
4.65894
4.65893
4.65892
4.65891
4.6589
4.6589
4.65889
4.65888
4.65887
4.65886
4.65885
4.65885
4.65884
4.65883
4.65882
4.65881
4.65881
4.6588
4.65879
4.65878
4.65877
4.65877
4.65876
4.65875
4.65874
4.65873
4.65873
4.65872
4.65871
4.6587
4.65869
4.65869
4.65868
4.65867
4.65866
4.65865
4.65865
4.65864
4.65863
4.65862
4.65861
4.6586
4.6586
4.65859
4.65858
4.65857
4.65856
4.65856
4.65855
4.65854
4.65853
4.65852
4.65852
4.65851
4.6585
4.65849
4.65848
4.65848
4.65847
4.65846
4.65845
4.65844
4.65844
4.65843
4.65842
4.65841
4.6584
4.6584
4.65839
4.65838
4.65837
4.65836
4.65835
4.65835
4.65834
4.65833
4.65832
4.65831
4.65831
4.6583
4.65829
4.65828
4.65827
4.65827
4.65826
4.65825
4.65824
4.65823
4.65823
4.65822
4.65821
4.6582
4.65819
4.65819
4.65818
4.65817
4.65816
4.65815
4.65814
4.65814
4.65813
4.65812
4.65811
4.6581
4.6581
4.65809
4.65808
4.65807
4.65806
4.65806
4.65805
4.65804
4.65803
4.65802
4.65802
4.65801
4.658
4.65799
4.65798
4.65798
4.65797
4.65796
4.65795
4.65794
4.65794
4.65793
4.65792
4.65791
4.6579
4.6579
4.65789
4.65788
4.65787
4.65786
4.65786
4.65785
4.65784
4.65783
4.65782
4.65781
4.65781
4.6578
4.65779
4.65778
4.65777
4.65777
4.65776
4.65775
4.65774
4.65773
4.65773
4.65772
4.65771
4.6577
4.65769
4.65769
4.65768
4.65767
4.65766
4.65765
4.65765
4.65764
4.65763
4.65762
4.65761
4.6576
4.6576
4.65759
4.65758
4.65757
4.65756
4.65756
4.65755
4.65754
4.65753
4.65752
4.65752
4.65751
4.6575
4.65749
4.65748
4.65748
4.65747
4.65746
4.65745
4.65744
4.65744
4.65743
4.65742
4.65741
4.6574
4.6574
4.65739
4.65738
4.65737
4.65736
4.65735
4.65735
4.65734
4.65733
4.65732
4.65731
4.65731
4.6573
4.65729
4.65728
4.65727
4.65727
4.65726
4.65725
4.65724
4.65723
4.65723
4.65722
4.65721
4.6572
4.65719
4.65719
4.65718
4.65717
4.65716
4.65715
4.65715
4.65714
4.65713
4.65712
4.65711
4.6571
4.6571
4.65709
4.65708
4.65707
4.65706
4.65706
4.65705
4.65704
4.65703
4.65702
4.65702
4.65701
4.657
4.65699
4.65698
4.65698
4.65697
4.65696
4.65695
4.65694
4.65694
4.65693
4.65692
4.65691
4.6569
4.6569
4.65689
4.65688
4.65687
4.65686
4.65685
4.65685
4.65684
4.65683
4.65682
4.65681
4.65681
4.6568
4.65679
4.65678
4.65677
4.65677
4.65676
4.65675
4.65674
4.65673
4.65673
4.65672
4.65671
4.6567
4.65669
4.65669
4.65668
4.65667
4.65666
4.65665
4.65665
4.65664
4.65663
4.65662
4.65661
4.6566
4.6566
4.65659
4.65658
4.65657
4.65656
4.65656
4.65655
4.65654
4.65653
4.65652
4.65652
4.65651
4.6565
4.65649
4.65648
4.65648
4.65647
4.65646
4.65645
4.65644
4.65644
4.65643
4.65642
4.65641
4.6564
4.65639
4.65639
4.65638
4.65637
4.65636
4.65635
4.65635
4.65634
4.65633
4.65632
4.65631
4.65631
4.6563
4.65629
4.65628
4.65627
4.65627
4.65626
4.65625
4.65624
4.65623
4.65623
4.65622
4.65621
4.6562
4.65619
4.65619
4.65618
4.65617
4.65616
4.65615
4.65615
4.65614
4.65613
4.65612
4.65611
4.65611
4.6561
4.65609
4.65608
4.65607
4.65606
4.65606
4.65605
4.65604
4.65603
4.65602
4.65602
4.65601
4.656
4.65599
4.65598
4.65598
4.65597
4.65596
4.65595
4.65594
4.65594
4.65593
4.65592
4.65591
4.6559
4.6559
4.65589
4.65588
4.65587
4.65586
4.65585
4.65585
4.65584
4.65583
4.65582
4.65581
4.65581
4.6558
4.65579
4.65578
4.65577
4.65577
4.65576
4.65575
4.65574
4.65573
4.65573
4.65572
4.65571
4.6557
4.65569
4.65569
4.65568
4.65567
4.65566
4.65565
4.65565
4.65564
4.65563
4.65562
4.65561
4.6556
4.6556
4.65559
4.65558
4.65557
4.65556
4.65556
4.65555
4.65554
4.65553
4.65552
4.65552
4.65551
4.6555
4.65549
4.65548
4.65548
4.65547
4.65546
4.65545
4.65544
4.65544
4.65543
4.65542
4.65541
4.6554
4.6554
4.65539
4.65538
4.65537
4.65536
4.65535
4.65535
4.65534
4.65533
4.65532
4.65531
4.65531
4.6553
4.65529
4.65528
4.65527
4.65527
4.65526
4.65525
4.65524
4.65523
4.65523
4.65522
4.65521
4.6552
4.65519
4.65519
4.65518
4.65517
4.65516
4.65515
4.65515
4.65514
4.65513
4.65512
4.65511
4.6551
4.6551
4.65509
4.65508
4.65507
4.65506
4.65506
4.65505
4.65504
4.65503
4.65502
4.65502
4.65501
4.655
4.65499
4.65498
4.65498
4.65497
4.65496
4.65495
4.65494
4.65494
4.65493
4.65492
4.65491
4.6549
4.6549
4.65489
4.65488
4.65487
4.65486
4.65485
4.65485
4.65484
4.65483
4.65482
4.65481
4.65481
4.6548
4.65479
4.65478
4.65477
4.65477
4.65476
4.65475
4.65474
4.65473
4.65473
4.65472
4.65471
4.6547
4.65469
4.65469
4.65468
4.65467
4.65466
4.65465
4.65464
4.65464
4.65463
4.65462
4.65461
4.6546
4.6546
4.65459
4.65458
4.65457
4.65456
4.65456
4.65455
4.65454
4.65453
4.65452
4.65452
4.65451
4.6545
4.65449
4.65448
4.65448
4.65447
4.65446
4.65445
4.65444
4.65444
4.65443
4.65442
4.65441
4.6544
4.6544
4.65439
4.65438
4.65437
4.65436
4.65436
4.65435
4.65434
4.65433
4.65432
4.65431
4.65431
4.6543
4.65429
4.65428
4.65427
4.65427
4.65426
4.65425
4.65424
4.65423
4.65423
4.65422
4.65421
4.6542
4.65419
4.65419
4.65418
4.65417
4.65416
4.65415
4.65415
4.65414
4.65413
4.65412
4.65411
4.6541
4.6541
4.65409
4.65408
4.65407
4.65406
4.65406
4.65405
4.65404
4.65403
4.65402
4.65402
4.65401
4.654
4.65399
4.65398
4.65398
4.65397
4.65396
4.65395
4.65394
4.65394
4.65393
4.65392
4.65391
4.6539
4.6539
4.65389
4.65388
4.65387
4.65386
4.65385
4.65385
4.65384
4.65383
4.65382
4.65381
4.65381
4.6538
4.65379
4.65378
4.65377
4.65377
4.65376
4.65375
4.65374
4.65373
4.65373
4.65372
4.65371
4.6537
4.65369
4.65369
4.65368
4.65367
4.65366
4.65365
4.65365
4.65364
4.65363
4.65362
4.65361
4.6536
4.6536
4.65359
4.65358
4.65357
4.65356
4.65356
4.65355
4.65354
4.65353
4.65352
4.65352
4.65351
4.6535
4.65349
4.65348
4.65348
4.65347
4.65346
4.65345
4.65344
4.65344
4.65343
4.65342
4.65341
4.6534
4.6534
4.65339
4.65338
4.65337
4.65336
4.65335
4.65335
4.65334
4.65333
4.65332
4.65331
4.65331
4.6533
4.65329
4.65328
4.65327
4.65327
4.65326
4.65325
4.65324
4.65323
4.65323
4.65322
4.65321
4.6532
4.65319
4.65319
4.65318
4.65317
4.65316
4.65315
4.65315
4.65314
4.65313
4.65312
4.65311
4.6531
4.6531
4.65309
4.65308
4.65307
4.65306
4.65306
4.65305
4.65304
4.65303
4.65302
4.65302
4.65301
4.653
4.65299
4.65298
4.65298
4.65297
4.65296
4.65295
4.65294
4.65294
4.65293
4.65292
4.65291
4.6529
4.65289
4.65289
4.65288
4.65287
4.65286
4.65285
4.65285
4.65284
4.65283
4.65282
4.65281
4.65281
4.6528
4.65279
4.65278
4.65277
4.65277
4.65276
4.65275
4.65274
4.65273
4.65273
4.65272
4.65271
4.6527
4.65269
4.65269
4.65268
4.65267
4.65266
4.65265
4.65265
4.65264
4.65263
4.65262
4.65261
4.65261
4.6526
4.65259
4.65258
4.65257
4.65256
4.65256
4.65255
4.65254
4.65253
4.65252
4.65252
4.65251
4.6525
4.65249
4.65248
4.65248
4.65247
4.65246
4.65245
4.65244
4.65244
4.65243
4.65242
4.65241
4.6524
4.6524
4.65239
4.65238
4.65237
4.65236
4.65235
4.65235
4.65234
4.65233
4.65232
4.65231
4.65231
4.6523
4.65229
4.65228
4.65227
4.65227
4.65226
4.65225
4.65224
4.65223
4.65223
4.65222
4.65221
4.6522
4.65219
4.65219
4.65218
4.65217
4.65216
4.65215
4.65215
4.65214
4.65213
4.65212
4.65211
4.6521
4.6521
4.65209
4.65208
4.65207
4.65206
4.65206
4.65205
4.65204
4.65203
4.65202
4.65202
4.65201
4.652
4.65199
4.65198
4.65198
4.65197
4.65196
4.65195
4.65194
4.65194
4.65193
4.65192
4.65191
4.6519
4.6519
4.65189
4.65188
4.65187
4.65186
4.65185
4.65185
4.65184
4.65183
4.65182
4.65181
4.65181
4.6518
4.65179
4.65178
4.65177
4.65177
4.65176
4.65175
4.65174
4.65173
4.65173
4.65172
4.65171
4.6517
4.65169
4.65169
4.65168
4.65167
4.65166
4.65165
4.65165
4.65164
4.65163
4.65162
4.65161
4.6516
4.6516
4.65159
4.65158
4.65157
4.65156
4.65156
4.65155
4.65154
4.65153
4.65152
4.65152
4.65151
4.6515
4.65149
4.65148
4.65148
4.65147
4.65146
4.65145
4.65144
4.65144
4.65143
4.65142
4.65141
4.6514
4.6514
4.65139
4.65138
4.65137
4.65136
4.65135
4.65135
4.65134
4.65133
4.65132
4.65131
4.65131
4.6513
4.65129
4.65128
4.65127
4.65127
4.65126
4.65125
4.65124
4.65123
4.65123
4.65122
4.65121
4.6512
4.65119
4.65119
4.65118
4.65117
4.65116
4.65115
4.65114
4.65114
4.65113
4.65112
4.65111
4.6511
4.6511
4.65109
4.65108
4.65107
4.65106
4.65106
4.65105
4.65104
4.65103
4.65102
4.65102
4.65101
4.651
4.65099
4.65098
4.65098
4.65097
4.65096
4.65095
4.65094
4.65094
4.65093
4.65092
4.65091
4.6509
4.6509
4.65089
4.65088
4.65087
4.65086
4.65086
4.65085
4.65084
4.65083
4.65082
4.65081
4.65081
4.6508
4.65079
4.65078
4.65077
4.65077
4.65076
4.65075
4.65074
4.65073
4.65073
4.65072
4.65071
4.6507
4.65069
4.65069
4.65068
4.65067
4.65066
4.65065
4.65065
4.65064
4.65063
4.65062
4.65061
4.6506
4.6506
4.65059
4.65058
4.65057
4.65056
4.65056
4.65055
4.65054
4.65053
4.65052
4.65052
4.65051
4.6505
4.65049
4.65048
4.65048
4.65047
4.65046
4.65045
4.65044
4.65044
4.65043
4.65042
4.65041
4.6504
4.6504
4.65039
4.65038
4.65037
4.65036
4.65035
4.65035
4.65034
4.65033
4.65032
4.65031
4.65031
4.6503
4.65029
4.65028
4.65027
4.65027
4.65026
4.65025
4.65024
4.65023
4.65023
4.65022
4.65021
4.6502
4.65019
4.65019
4.65018
4.65017
4.65016
4.65015
4.65015
4.65014
4.65013
4.65012
4.65011
4.6501
4.6501
4.65009
4.65008
4.65007
4.65006
4.65006
4.65005
4.65004
4.65003
4.65002
4.65002
4.65001
4.65
4.64999
4.64998
4.64998
4.64997
4.64996
4.64995
4.64994
4.64994
4.64993
4.64992
4.64991
4.6499
4.6499
4.64989
4.64988
4.64987
4.64986
4.64985
4.64985
4.64984
4.64983
4.64982
4.64981
4.64981
4.6498
4.64979
4.64978
4.64977
4.64977
4.64976
4.64975
4.64974
4.64973
4.64973
4.64972
4.64971
4.6497
4.64969
4.64969
4.64968
4.64967
4.64966
4.64965
4.64965
4.64964
4.64963
4.64962
4.64961
4.6496
4.6496
4.64959
4.64958
4.64957
4.64956
4.64956
4.64955
4.64954
4.64953
4.64952
4.64952
4.64951
4.6495
4.64949
4.64948
4.64948
4.64947
4.64946
4.64945
4.64944
4.64944
4.64943
4.64942
4.64941
4.6494
4.64939
4.64939
4.64938
4.64937
4.64936
4.64935
4.64935
4.64934
4.64933
4.64932
4.64931
4.64931
4.6493
4.64929
4.64928
4.64927
4.64927
4.64926
4.64925
4.64924
4.64923
4.64923
4.64922
4.64921
4.6492
4.64919
4.64919
4.64918
4.64917
4.64916
4.64915
4.64915
4.64914
4.64913
4.64912
4.64911
4.64911
4.6491
4.64909
4.64908
4.64907
4.64906
4.64906
4.64905
4.64904
4.64903
4.64902
4.64902
4.64901
4.649
4.64899
4.64898
4.64898
4.64897
4.64896
4.64895
4.64894
4.64894
4.64893
4.64892
4.64891
4.6489
4.6489
4.64889
4.64888
4.64887
4.64886
4.64885
4.64885
4.64884
4.64883
4.64882
4.64881
4.64881
4.6488
4.64879
4.64878
4.64877
4.64877
4.64876
4.64875
4.64874
4.64873
4.64873
4.64872
4.64871
4.6487
4.64869
4.64869
4.64868
4.64867
4.64866
4.64865
4.64864
4.64864
4.64863
4.64862
4.64861
4.6486
4.6486
4.64859
4.64858
4.64857
4.64856
4.64856
4.64855
4.64854
4.64853
4.64852
4.64852
4.64851
4.6485
4.64849
4.64848
4.64848
4.64847
4.64846
4.64845
4.64844
4.64844
4.64843
4.64842
4.64841
4.6484
4.6484
4.64839
4.64838
4.64837
4.64836
4.64836
4.64835
4.64834
4.64833
4.64832
4.64831
4.64831
4.6483
4.64829
4.64828
4.64827
4.64827
4.64826
4.64825
4.64824
4.64823
4.64823
4.64822
4.64821
4.6482
4.64819
4.64819
4.64818
4.64817
4.64816
4.64815
4.64815
4.64814
4.64813
4.64812
4.64811
4.6481
4.6481
4.64809
4.64808
4.64807
4.64806
4.64806
4.64805
4.64804
4.64803
4.64802
4.64802
4.64801
4.648
4.64799
4.64798
4.64798
4.64797
4.64796
4.64795
4.64794
4.64794
4.64793
4.64792
4.64791
4.6479
4.6479
4.64789
4.64788
4.64787
4.64786
4.64785
4.64785
4.64784
4.64783
4.64782
4.64781
4.64781
4.6478
4.64779
4.64778
4.64777
4.64777
4.64776
4.64775
4.64774
4.64773
4.64773
4.64772
4.64771
4.6477
4.64769
4.64769
4.64768
4.64767
4.64766
4.64765
4.64764
4.64764
4.64763
4.64762
4.64761
4.6476
4.6476
4.64759
4.64758
4.64757
4.64756
4.64756
4.64755
4.64754
4.64753
4.64752
4.64752
4.64751
4.6475
4.64749
4.64748
4.64748
4.64747
4.64746
4.64745
4.64744
4.64744
4.64743
4.64742
4.64741
4.6474
4.6474
4.64739
4.64738
4.64737
4.64736
4.64735
4.64735
4.64734
4.64733
4.64732
4.64731
4.64731
4.6473
4.64729
4.64728
4.64727
4.64727
4.64726
4.64725
4.64724
4.64723
4.64723
4.64722
4.64721
4.6472
4.64719
4.64719
4.64718
4.64717
4.64716
4.64715
4.64715
4.64714
4.64713
4.64712
4.64711
4.6471
4.6471
4.64709
4.64708
4.64707
4.64706
4.64706
4.64705
4.64704
4.64703
4.64702
4.64702
4.64701
4.647
4.64699
4.64698
4.64698
4.64697
4.64696
4.64695
4.64694
4.64694
4.64693
4.64692
4.64691
4.6469
4.64689
4.64689
4.64688
4.64687
4.64686
4.64685
4.64685
4.64684
4.64683
4.64682
4.64681
4.64681
4.6468
4.64679
4.64678
4.64677
4.64677
4.64676
4.64675
4.64674
4.64673
4.64673
4.64672
4.64671
4.6467
4.64669
4.64669
4.64668
4.64667
4.64666
4.64665
4.64665
4.64664
4.64663
4.64662
4.64661
4.64661
4.6466
4.64659
4.64658
4.64657
4.64656
4.64656
4.64655
4.64654
4.64653
4.64652
4.64652
4.64651
4.6465
4.64649
4.64648
4.64648
4.64647
4.64646
4.64645
4.64644
4.64644
4.64643
4.64642
4.64641
4.6464
4.6464
4.64639
4.64638
4.64637
4.64636
4.64635
4.64635
4.64634
4.64633
4.64632
4.64631
4.64631
4.6463
4.64629
4.64628
4.64627
4.64627
4.64626
4.64625
4.64624
4.64623
4.64623
4.64622
4.64621
4.6462
4.64619
4.64619
4.64618
4.64617
4.64616
4.64615
4.64615
4.64614
4.64613
4.64612
4.64611
4.6461
4.6461
4.64609
4.64608
4.64607
4.64606
4.64606
4.64605
4.64604
4.64603
4.64602
4.64602
4.64601
4.646
4.64599
4.64598
4.64598
4.64597
4.64596
4.64595
4.64594
4.64594
4.64593
4.64592
4.64591
4.6459
4.6459
4.64589
4.64588
4.64587
4.64586
4.64585
4.64585
4.64584
4.64583
4.64582
4.64581
4.64581
4.6458
4.64579
4.64578
4.64577
4.64577
4.64576
4.64575
4.64574
4.64573
4.64573
4.64572
4.64571
4.6457
4.64569
4.64569
4.64568
4.64567
4.64566
4.64565
4.64565
4.64564
4.64563
4.64562
4.64561
4.6456
4.6456
4.64559
4.64558
4.64557
4.64556
4.64556
4.64555
4.64554
4.64553
4.64552
4.64552
4.64551
4.6455
4.64549
4.64548
4.64548
4.64547
4.64546
4.64545
4.64544
4.64544
4.64543
4.64542
4.64541
4.6454
4.6454
4.64539
4.64538
4.64537
4.64536
4.64535
4.64535
4.64534
4.64533
4.64532
4.64531
4.64531
4.6453
4.64529
4.64528
4.64527
4.64527
4.64526
4.64525
4.64524
4.64523
4.64523
4.64522
4.64521
4.6452
4.64519
4.64519
4.64518
4.64517
4.64516
4.64515
4.64514
4.64514
4.64513
4.64512
4.64511
4.6451
4.6451
4.64509
4.64508
4.64507
4.64506
4.64506
4.64505
4.64504
4.64503
4.64502
4.64502
4.64501
4.645
4.64499
4.64498
4.64498
4.64497
4.64496
4.64495
4.64494
4.64494
4.64493
4.64492
4.64491
4.6449
4.6449
4.64489
4.64488
4.64487
4.64486
4.64486
4.64485
4.64484
4.64483
4.64482
4.64481
4.64481
4.6448
4.64479
4.64478
4.64477
4.64477
4.64476
4.64475
4.64474
4.64473
4.64473
4.64472
4.64471
4.6447
4.64469
4.64469
4.64468
4.64467
4.64466
4.64465
4.64465
4.64464
4.64463
4.64462
4.64461
4.6446
4.6446
4.64459
4.64458
4.64457
4.64456
4.64456
4.64455
4.64454
4.64453
4.64452
4.64452
4.64451
4.6445
4.64449
4.64448
4.64448
4.64447
4.64446
4.64445
4.64444
4.64444
4.64443
4.64442
4.64441
4.6444
4.6444
4.64439
4.64438
4.64437
4.64436
4.64435
4.64435
4.64434
4.64433
4.64432
4.64431
4.64431
4.6443
4.64429
4.64428
4.64427
4.64427
4.64426
4.64425
4.64424
4.64423
4.64423
4.64422
4.64421
4.6442
4.64419
4.64419
4.64418
4.64417
4.64416
4.64415
4.64415
4.64414
4.64413
4.64412
4.64411
4.6441
4.6441
4.64409
4.64408
4.64407
4.64406
4.64406
4.64405
4.64404
4.64403
4.64402
4.64402
4.64401
4.644
4.64399
4.64398
4.64398
4.64397
4.64396
4.64395
4.64394
4.64394
4.64393
4.64392
4.64391
4.6439
4.6439
4.64389
4.64388
4.64387
4.64386
4.64385
4.64385
4.64384
4.64383
4.64382
4.64381
4.64381
4.6438
4.64379
4.64378
4.64377
4.64377
4.64376
4.64375
4.64374
4.64373
4.64373
4.64372
4.64371
4.6437
4.64369
4.64369
4.64368
4.64367
4.64366
4.64365
4.64365
4.64364
4.64363
4.64362
4.64361
4.6436
4.6436
4.64359
4.64358
4.64357
4.64356
4.64356
4.64355
4.64354
4.64353
4.64352
4.64352
4.64351
4.6435
4.64349
4.64348
4.64348
4.64347
4.64346
4.64345
4.64344
4.64344
4.64343
4.64342
4.64341
4.6434
4.64339
4.64339
4.64338
4.64337
4.64336
4.64335
4.64335
4.64334
4.64333
4.64332
4.64331
4.64331
4.6433
4.64329
4.64328
4.64327
4.64327
4.64326
4.64325
4.64324
4.64323
4.64323
4.64322
4.64321
4.6432
4.64319
4.64319
4.64318
4.64317
4.64316
4.64315
4.64315
4.64314
4.64313
4.64312
4.64311
4.64311
4.6431
4.64309
4.64308
4.64307
4.64306
4.64306
4.64305
4.64304
4.64303
4.64302
4.64302
4.64301
4.643
4.64299
4.64298
4.64298
4.64297
4.64296
4.64295
4.64294
4.64294
4.64293
4.64292
4.64291
4.6429
4.6429
4.64289
4.64288
4.64287
4.64286
4.64285
4.64285
4.64284
4.64283
4.64282
4.64281
4.64281
4.6428
4.64279
4.64278
4.64277
4.64277
4.64276
4.64275
4.64274
4.64273
4.64273
4.64272
4.64271
4.6427
4.64269
4.64269
4.64268
4.64267
4.64266
4.64265
4.64265
4.64264
4.64263
4.64262
4.64261
4.6426
4.6426
4.64259
4.64258
4.64257
4.64256
4.64256
4.64255
4.64254
4.64253
4.64252
4.64252
4.64251
4.6425
4.64249
4.64248
4.64248
4.64247
4.64246
4.64245
4.64244
4.64244
4.64243
4.64242
4.64241
4.6424
4.6424
4.64239
4.64238
4.64237
4.64236
4.64235
4.64235
4.64234
4.64233
4.64232
4.64231
4.64231
4.6423
4.64229
4.64228
4.64227
4.64227
4.64226
4.64225
4.64224
4.64223
4.64223
4.64222
4.64221
4.6422
4.64219
4.64219
4.64218
4.64217
4.64216
4.64215
4.64215
4.64214
4.64213
4.64212
4.64211
4.6421
4.6421
4.64209
4.64208
4.64207
4.64206
4.64206
4.64205
4.64204
4.64203
4.64202
4.64202
4.64201
4.642
4.64199
4.64198
4.64198
4.64197
4.64196
4.64195
4.64194
4.64194
4.64193
4.64192
4.64191
4.6419
4.6419
4.64189
4.64188
4.64187
4.64186
4.64185
4.64185
4.64184
4.64183
4.64182
4.64181
4.64181
4.6418
4.64179
4.64178
4.64177
4.64177
4.64176
4.64175
4.64174
4.64173
4.64173
4.64172
4.64171
4.6417
4.64169
4.64169
4.64168
4.64167
4.64166
4.64165
4.64164
4.64164
4.64163
4.64162
4.64161
4.6416
4.6416
4.64159
4.64158
4.64157
4.64156
4.64156
4.64155
4.64154
4.64153
4.64152
4.64152
4.64151
4.6415
4.64149
4.64148
4.64148
4.64147
4.64146
4.64145
4.64144
4.64144
4.64143
4.64142
4.64141
4.6414
4.6414
4.64139
4.64138
4.64137
4.64136
4.64136
4.64135
4.64134
4.64133
4.64132
4.64131
4.64131
4.6413
4.64129
4.64128
4.64127
4.64127
4.64126
4.64125
4.64124
4.64123
4.64123
4.64122
4.64121
4.6412
4.64119
4.64119
4.64118
4.64117
4.64116
4.64115
4.64115
4.64114
4.64113
4.64112
4.64111
4.6411
4.6411
4.64109
4.64108
4.64107
4.64106
4.64106
4.64105
4.64104
4.64103
4.64102
4.64102
4.64101
4.641
4.64099
4.64098
4.64098
4.64097
4.64096
4.64095
4.64094
4.64094
4.64093
4.64092
4.64091
4.6409
4.6409
4.64089
4.64088
4.64087
4.64086
4.64085
4.64085
4.64084
4.64083
4.64082
4.64081
4.64081
4.6408
4.64079
4.64078
4.64077
4.64077
4.64076
4.64075
4.64074
4.64073
4.64073
4.64072
4.64071
4.6407
4.64069
4.64069
4.64068
4.64067
4.64066
4.64065
4.64065
4.64064
4.64063
4.64062
4.64061
4.6406
4.6406
4.64059
4.64058
4.64057
4.64056
4.64056
4.64055
4.64054
4.64053
4.64052
4.64052
4.64051
4.6405
4.64049
4.64048
4.64048
4.64047
4.64046
4.64045
4.64044
4.64044
4.64043
4.64042
4.64041
4.6404
4.6404
4.64039
4.64038
4.64037
4.64036
4.64035
4.64035
4.64034
4.64033
4.64032
4.64031
4.64031
4.6403
4.64029
4.64028
4.64027
4.64027
4.64026
4.64025
4.64024
4.64023
4.64023
4.64022
4.64021
4.6402
4.64019
4.64019
4.64018
4.64017
4.64016
4.64015
4.64015
4.64014
4.64013
4.64012
4.64011
4.6401
4.6401
4.64009
4.64008
4.64007
4.64006
4.64006
4.64005
4.64004
4.64003
4.64002
4.64002
4.64001
4.64
4.63999
4.63998
4.63998
4.63997
4.63996
4.63995
4.63994
4.63994
4.63993
4.63992
4.63991
4.6399
4.63989
4.63989
4.63988
4.63987
4.63986
4.63985
4.63985
4.63984
4.63983
4.63982
4.63981
4.63981
4.6398
4.63979
4.63978
4.63977
4.63977
4.63976
4.63975
4.63974
4.63973
4.63973
4.63972
4.63971
4.6397
4.63969
4.63969
4.63968
4.63967
4.63966
4.63965
4.63965
4.63964
4.63963
4.63962
4.63961
4.63961
4.6396
4.63959
4.63958
4.63957
4.63956
4.63956
4.63955
4.63954
4.63953
4.63952
4.63952
4.63951
4.6395
4.63949
4.63948
4.63948
4.63947
4.63946
4.63945
4.63944
4.63944
4.63943
4.63942
4.63941
4.6394
4.6394
4.63939
4.63938
4.63937
4.63936
4.63935
4.63935
4.63934
4.63933
4.63932
4.63931
4.63931
4.6393
4.63929
4.63928
4.63927
4.63927
4.63926
4.63925
4.63924
4.63923
4.63923
4.63922
4.63921
4.6392
4.63919
4.63919
4.63918
4.63917
4.63916
4.63915
4.63915
4.63914
4.63913
4.63912
4.63911
4.6391
4.6391
4.63909
4.63908
4.63907
4.63906
4.63906
4.63905
4.63904
4.63903
4.63902
4.63902
4.63901
4.639
4.63899
4.63898
4.63898
4.63897
4.63896
4.63895
4.63894
4.63894
4.63893
4.63892
4.63891
4.6389
4.6389
4.63889
4.63888
4.63887
4.63886
4.63885
4.63885
4.63884
4.63883
4.63882
4.63881
4.63881
4.6388
4.63879
4.63878
4.63877
4.63877
4.63876
4.63875
4.63874
4.63873
4.63873
4.63872
4.63871
4.6387
4.63869
4.63869
4.63868
4.63867
4.63866
4.63865
4.63865
4.63864
4.63863
4.63862
4.63861
4.6386
4.6386
4.63859
4.63858
4.63857
4.63856
4.63856
4.63855
4.63854
4.63853
4.63852
4.63852
4.63851
4.6385
4.63849
4.63848
4.63848
4.63847
4.63846
4.63845
4.63844
4.63844
4.63843
4.63842
4.63841
4.6384
4.6384
4.63839
4.63838
4.63837
4.63836
4.63835
4.63835
4.63834
4.63833
4.63832
4.63831
4.63831
4.6383
4.63829
4.63828
4.63827
4.63827
4.63826
4.63825
4.63824
4.63823
4.63823
4.63822
4.63821
4.6382
4.63819
4.63819
4.63818
4.63817
4.63816
4.63815
4.63814
4.63814
4.63813
4.63812
4.63811
4.6381
4.6381
4.63809
4.63808
4.63807
4.63806
4.63806
4.63805
4.63804
4.63803
4.63802
4.63802
4.63801
4.638
4.63799
4.63798
4.63798
4.63797
4.63796
4.63795
4.63794
4.63794
4.63793
4.63792
4.63791
4.6379
4.6379
4.63789
4.63788
4.63787
4.63786
4.63786
4.63785
4.63784
4.63783
4.63782
4.63781
4.63781
4.6378
4.63779
4.63778
4.63777
4.63777
4.63776
4.63775
4.63774
4.63773
4.63773
4.63772
4.63771
4.6377
4.63769
4.63769
4.63768
4.63767
4.63766
4.63765
4.63765
4.63764
4.63763
4.63762
4.63761
4.6376
4.6376
4.63759
4.63758
4.63757
4.63756
4.63756
4.63755
4.63754
4.63753
4.63752
4.63752
4.63751
4.6375
4.63749
4.63748
4.63748
4.63747
4.63746
4.63745
4.63744
4.63744
4.63743
4.63742
4.63741
4.6374
4.6374
4.63739
4.63738
4.63737
4.63736
4.63735
4.63735
4.63734
4.63733
4.63732
4.63731
4.63731
4.6373
4.63729
4.63728
4.63727
4.63727
4.63726
4.63725
4.63724
4.63723
4.63723
4.63722
4.63721
4.6372
4.63719
4.63719
4.63718
4.63717
4.63716
4.63715
4.63715
4.63714
4.63713
4.63712
4.63711
4.6371
4.6371
4.63709
4.63708
4.63707
4.63706
4.63706
4.63705
4.63704
4.63703
4.63702
4.63702
4.63701
4.637
4.63699
4.63698
4.63698
4.63697
4.63696
4.63695
4.63694
4.63694
4.63693
4.63692
4.63691
4.6369
4.6369
4.63689
4.63688
4.63687
4.63686
4.63685
4.63685
4.63684
4.63683
4.63682
4.63681
4.63681
4.6368
4.63679
4.63678
4.63677
4.63677
4.63676
4.63675
4.63674
4.63673
4.63673
4.63672
4.63671
4.6367
4.63669
4.63669
4.63668
4.63667
4.63666
4.63665
4.63665
4.63664
4.63663
4.63662
4.63661
4.6366
4.6366
4.63659
4.63658
4.63657
4.63656
4.63656
4.63655
4.63654
4.63653
4.63652
4.63652
4.63651
4.6365
4.63649
4.63648
4.63648
4.63647
4.63646
4.63645
4.63644
4.63644
4.63643
4.63642
4.63641
4.6364
4.63639
4.63639
4.63638
4.63637
4.63636
4.63635
4.63635
4.63634
4.63633
4.63632
4.63631
4.63631
4.6363
4.63629
4.63628
4.63627
4.63627
4.63626
4.63625
4.63624
4.63623
4.63623
4.63622
4.63621
4.6362
4.63619
4.63619
4.63618
4.63617
4.63616
4.63615
4.63615
4.63614
4.63613
4.63612
4.63611
4.63611
4.6361
4.63609
4.63608
4.63607
4.63606
4.63606
4.63605
4.63604
4.63603
4.63602
4.63602
4.63601
4.636
4.63599
4.63598
4.63598
4.63597
4.63596
4.63595
4.63594
4.63594
4.63593
4.63592
4.63591
4.6359
4.6359
4.63589
4.63588
4.63587
4.63586
4.63585
4.63585
4.63584
4.63583
4.63582
4.63581
4.63581
4.6358
4.63579
4.63578
4.63577
4.63577
4.63576
4.63575
4.63574
4.63573
4.63573
4.63572
4.63571
4.6357
4.63569
4.63569
4.63568
4.63567
4.63566
4.63565
4.63565
4.63564
4.63563
4.63562
4.63561
4.6356
4.6356
4.63559
4.63558
4.63557
4.63556
4.63556
4.63555
4.63554
4.63553
4.63552
4.63552
4.63551
4.6355
4.63549
4.63548
4.63548
4.63547
4.63546
4.63545
4.63544
4.63544
4.63543
4.63542
4.63541
4.6354
4.6354
4.63539
4.63538
4.63537
4.63536
4.63535
4.63535
4.63534
4.63533
4.63532
4.63531
4.63531
4.6353
4.63529
4.63528
4.63527
4.63527
4.63526
4.63525
4.63524
4.63523
4.63523
4.63522
4.63521
4.6352
4.63519
4.63519
4.63518
4.63517
4.63516
4.63515
4.63515
4.63514
4.63513
4.63512
4.63511
4.6351
4.6351
4.63509
4.63508
4.63507
4.63506
4.63506
4.63505
4.63504
4.63503
4.63502
4.63502
4.63501
4.635
4.63499
4.63498
4.63498
4.63497
4.63496
4.63495
4.63494
4.63494
4.63493
4.63492
4.63491
4.6349
4.6349
4.63489
4.63488
4.63487
4.63486
4.63485
4.63485
4.63484
4.63483
4.63482
4.63481
4.63481
4.6348
4.63479
4.63478
4.63477
4.63477
4.63476
4.63475
4.63474
4.63473
4.63473
4.63472
4.63471
4.6347
4.63469
4.63469
4.63468
4.63467
4.63466
4.63465
4.63464
4.63464
4.63463
4.63462
4.63461
4.6346
4.6346
4.63459
4.63458
4.63457
4.63456
4.63456
4.63455
4.63454
4.63453
4.63452
4.63452
4.63451
4.6345
4.63449
4.63448
4.63448
4.63447
4.63446
4.63445
4.63444
4.63444
4.63443
4.63442
4.63441
4.6344
4.6344
4.63439
4.63438
4.63437
4.63436
4.63436
4.63435
4.63434
4.63433
4.63432
4.63431
4.63431
4.6343
4.63429
4.63428
4.63427
4.63427
4.63426
4.63425
4.63424
4.63423
4.63423
4.63422
4.63421
4.6342
4.63419
4.63419
4.63418
4.63417
4.63416
4.63415
4.63415
4.63414
4.63413
4.63412
4.63411
4.6341
4.6341
4.63409
4.63408
4.63407
4.63406
4.63406
4.63405
4.63404
4.63403
4.63402
4.63402
4.63401
4.634
4.63399
4.63398
4.63398
4.63397
4.63396
4.63395
4.63394
4.63394
4.63393
4.63392
4.63391
4.6339
4.6339
4.63389
4.63388
4.63387
4.63386
4.63385
4.63385
4.63384
4.63383
4.63382
4.63381
4.63381
4.6338
4.63379
4.63378
4.63377
4.63377
4.63376
4.63375
4.63374
4.63373
4.63373
4.63372
4.63371
4.6337
4.63369
4.63369
4.63368
4.63367
4.63366
4.63365
4.63365
4.63364
4.63363
4.63362
4.63361
4.63361
4.6336
4.63359
4.63358
4.63357
4.63356
4.63356
4.63355
4.63354
4.63353
4.63352
4.63352
4.63351
4.6335
4.63349
4.63348
4.63348
4.63347
4.63346
4.63345
4.63344
4.63344
4.63343
4.63342
4.63341
4.6334
4.6334
4.63339
4.63338
4.63337
4.63336
4.63335
4.63335
4.63334
4.63333
4.63332
4.63331
4.63331
4.6333
4.63329
4.63328
4.63327
4.63327
4.63326
4.63325
4.63324
4.63323
4.63323
4.63322
4.63321
4.6332
4.63319
4.63319
4.63318
4.63317
4.63316
4.63315
4.63315
4.63314
4.63313
4.63312
4.63311
4.6331
4.6331
4.63309
4.63308
4.63307
4.63306
4.63306
4.63305
4.63304
4.63303
4.63302
4.63302
4.63301
4.633
4.63299
4.63298
4.63298
4.63297
4.63296
4.63295
4.63294
4.63294
4.63293
4.63292
4.63291
4.6329
4.63289
4.63289
4.63288
4.63287
4.63286
4.63285
4.63285
4.63284
4.63283
4.63282
4.63281
4.63281
4.6328
4.63279
4.63278
4.63277
4.63277
4.63276
4.63275
4.63274
4.63273
4.63273
4.63272
4.63271
4.6327
4.63269
4.63269
4.63268
4.63267
4.63266
4.63265
4.63265
4.63264
4.63263
4.63262
4.63261
4.63261
4.6326
4.63259
4.63258
4.63257
4.63256
4.63256
4.63255
4.63254
4.63253
4.63252
4.63252
4.63251
4.6325
4.63249
4.63248
4.63248
4.63247
4.63246
4.63245
4.63244
4.63244
4.63243
4.63242
4.63241
4.6324
4.6324
4.63239
4.63238
4.63237
4.63236
4.63235
4.63235
4.63234
4.63233
4.63232
4.63231
4.63231
4.6323
4.63229
4.63228
4.63227
4.63227
4.63226
4.63225
4.63224
4.63223
4.63223
4.63222
4.63221
4.6322
4.63219
4.63219
4.63218
4.63217
4.63216
4.63215
4.63214
4.63214
4.63213
4.63212
4.63211
4.6321
4.6321
4.63209
4.63208
4.63207
4.63206
4.63206
4.63205
4.63204
4.63203
4.63202
4.63202
4.63201
4.632
4.63199
4.63198
4.63198
4.63197
4.63196
4.63195
4.63194
4.63194
4.63193
4.63192
4.63191
4.6319
4.6319
4.63189
4.63188
4.63187
4.63186
4.63186
4.63185
4.63184
4.63183
4.63182
4.63181
4.63181
4.6318
4.63179
4.63178
4.63177
4.63177
4.63176
4.63175
4.63174
4.63173
4.63173
4.63172
4.63171
4.6317
4.63169
4.63169
4.63168
4.63167
4.63166
4.63165
4.63165
4.63164
4.63163
4.63162
4.63161
4.6316
4.6316
4.63159
4.63158
4.63157
4.63156
4.63156
4.63155
4.63154
4.63153
4.63152
4.63152
4.63151
4.6315
4.63149
4.63148
4.63148
4.63147
4.63146
4.63145
4.63144
4.63144
4.63143
4.63142
4.63141
4.6314
4.6314
4.63139
4.63138
4.63137
4.63136
4.63135
4.63135
4.63134
4.63133
4.63132
4.63131
4.63131
4.6313
4.63129
4.63128
4.63127
4.63127
4.63126
4.63125
4.63124
4.63123
4.63123
4.63122
4.63121
4.6312
4.63119
4.63119
4.63118
4.63117
4.63116
4.63115
4.63115
4.63114
4.63113
4.63112
4.63111
4.6311
4.6311
4.63109
4.63108
4.63107
4.63106
4.63106
4.63105
4.63104
4.63103
4.63102
4.63102
4.63101
4.631
4.63099
4.63098
4.63098
4.63097
4.63096
4.63095
4.63094
4.63094
4.63093
4.63092
4.63091
4.6309
4.6309
4.63089
4.63088
4.63087
4.63086
4.63085
4.63085
4.63084
4.63083
4.63082
4.63081
4.63081
4.6308
4.63079
4.63078
4.63077
4.63077
4.63076
4.63075
4.63074
4.63073
4.63073
4.63072
4.63071
4.6307
4.63069
4.63069
4.63068
4.63067
4.63066
4.63065
4.63065
4.63064
4.63063
4.63062
4.63061
4.6306
4.6306
4.63059
4.63058
4.63057
4.63056
4.63056
4.63055
4.63054
4.63053
4.63052
4.63052
4.63051
4.6305
4.63049
4.63048
4.63048
4.63047
4.63046
4.63045
4.63044
4.63044
4.63043
4.63042
4.63041
4.6304
4.63039
4.63039
4.63038
4.63037
4.63036
4.63035
4.63035
4.63034
4.63033
4.63032
4.63031
4.63031
4.6303
4.63029
4.63028
4.63027
4.63027
4.63026
4.63025
4.63024
4.63023
4.63023
4.63022
4.63021
4.6302
4.63019
4.63019
4.63018
4.63017
4.63016
4.63015
4.63015
4.63014
4.63013
4.63012
4.63011
4.63011
4.6301
4.63009
4.63008
4.63007
4.63006
4.63006
4.63005
4.63004
4.63003
4.63002
4.63002
4.63001
4.63
4.62999
4.62998
4.62998
4.62997
4.62996
4.62995
4.62994
4.62994
4.62993
4.62992
4.62991
4.6299
4.6299
4.62989
4.62988
4.62987
4.62986
4.62985
4.62985
4.62984
4.62983
4.62982
4.62981
4.62981
4.6298
4.62979
4.62978
4.62977
4.62977
4.62976
4.62975
4.62974
4.62973
4.62973
4.62972
4.62971
4.6297
4.62969
4.62969
4.62968
4.62967
4.62966
4.62965
4.62965
4.62964
4.62963
4.62962
4.62961
4.6296
4.6296
4.62959
4.62958
4.62957
4.62956
4.62956
4.62955
4.62954
4.62953
4.62952
4.62952
4.62951
4.6295
4.62949
4.62948
4.62948
4.62947
4.62946
4.62945
4.62944
4.62944
4.62943
4.62942
4.62941
4.6294
4.6294
4.62939
4.62938
4.62937
4.62936
4.62935
4.62935
4.62934
4.62933
4.62932
4.62931
4.62931
4.6293
4.62929
4.62928
4.62927
4.62927
4.62926
4.62925
4.62924
4.62923
4.62923
4.62922
4.62921
4.6292
4.62919
4.62919
4.62918
4.62917
4.62916
4.62915
4.62915
4.62914
4.62913
4.62912
4.62911
4.6291
4.6291
4.62909
4.62908
4.62907
4.62906
4.62906
4.62905
4.62904
4.62903
4.62902
4.62902
4.62901
4.629
4.62899
4.62898
4.62898
4.62897
4.62896
4.62895
4.62894
4.62894
4.62893
4.62892
4.62891
4.6289
4.6289
4.62889
4.62888
4.62887
4.62886
4.62885
4.62885
4.62884
4.62883
4.62882
4.62881
4.62881
4.6288
4.62879
4.62878
4.62877
4.62877
4.62876
4.62875
4.62874
4.62873
4.62873
4.62872
4.62871
4.6287
4.62869
4.62869
4.62868
4.62867
4.62866
4.62865
4.62864
4.62864
4.62863
4.62862
4.62861
4.6286
4.6286
4.62859
4.62858
4.62857
4.62856
4.62856
4.62855
4.62854
4.62853
4.62852
4.62852
4.62851
4.6285
4.62849
4.62848
4.62848
4.62847
4.62846
4.62845
4.62844
4.62844
4.62843
4.62842
4.62841
4.6284
4.6284
4.62839
4.62838
4.62837
4.62836
4.62836
4.62835
4.62834
4.62833
4.62832
4.62831
4.62831
4.6283
4.62829
4.62828
4.62827
4.62827
4.62826
4.62825
4.62824
4.62823
4.62823
4.62822
4.62821
4.6282
4.62819
4.62819
4.62818
4.62817
4.62816
4.62815
4.62815
4.62814
4.62813
4.62812
4.62811
4.6281
4.6281
4.62809
4.62808
4.62807
4.62806
4.62806
4.62805
4.62804
4.62803
4.62802
4.62802
4.62801
4.628
4.62799
4.62798
4.62798
4.62797
4.62796
4.62795
4.62794
4.62794
4.62793
4.62792
4.62791
4.6279
4.6279
4.62789
4.62788
4.62787
4.62786
4.62785
4.62785
4.62784
4.62783
4.62782
4.62781
4.62781
4.6278
4.62779
4.62778
4.62777
4.62777
4.62776
4.62775
4.62774
4.62773
4.62773
4.62772
4.62771
4.6277
4.62769
4.62769
4.62768
4.62767
4.62766
4.62765
4.62765
4.62764
4.62763
4.62762
4.62761
4.6276
4.6276
4.62759
4.62758
4.62757
4.62756
4.62756
4.62755
4.62754
4.62753
4.62752
4.62752
4.62751
4.6275
4.62749
4.62748
4.62748
4.62747
4.62746
4.62745
4.62744
4.62744
4.62743
4.62742
4.62741
4.6274
4.6274
4.62739
4.62738
4.62737
4.62736
4.62735
4.62735
4.62734
4.62733
4.62732
4.62731
4.62731
4.6273
4.62729
4.62728
4.62727
4.62727
4.62726
4.62725
4.62724
4.62723
4.62723
4.62722
4.62721
4.6272
4.62719
4.62719
4.62718
4.62717
4.62716
4.62715
4.62715
4.62714
4.62713
4.62712
4.62711
4.6271
4.6271
4.62709
4.62708
4.62707
4.62706
4.62706
4.62705
4.62704
4.62703
4.62702
4.62702
4.62701
4.627
4.62699
4.62698
4.62698
4.62697
4.62696
4.62695
4.62694
4.62694
4.62693
4.62692
4.62691
4.6269
4.62689
4.62689
4.62688
4.62687
4.62686
4.62685
4.62685
4.62684
4.62683
4.62682
4.62681
4.62681
4.6268
4.62679
4.62678
4.62677
4.62677
4.62676
4.62675
4.62674
4.62673
4.62673
4.62672
4.62671
4.6267
4.62669
4.62669
4.62668
4.62667
4.62666
4.62665
4.62665
4.62664
4.62663
4.62662
4.62661
4.62661
4.6266
4.62659
4.62658
4.62657
4.62656
4.62656
4.62655
4.62654
4.62653
4.62652
4.62652
4.62651
4.6265
4.62649
4.62648
4.62648
4.62647
4.62646
4.62645
4.62644
4.62644
4.62643
4.62642
4.62641
4.6264
4.6264
4.62639
4.62638
4.62637
4.62636
4.62635
4.62635
4.62634
4.62633
4.62632
4.62631
4.62631
4.6263
4.62629
4.62628
4.62627
4.62627
4.62626
4.62625
4.62624
4.62623
4.62623
4.62622
4.62621
4.6262
4.62619
4.62619
4.62618
4.62617
4.62616
4.62615
4.62615
4.62614
4.62613
4.62612
4.62611
4.6261
4.6261
4.62609
4.62608
4.62607
4.62606
4.62606
4.62605
4.62604
4.62603
4.62602
4.62602
4.62601
4.626
4.62599
4.62598
4.62598
4.62597
4.62596
4.62595
4.62594
4.62594
4.62593
4.62592
4.62591
4.6259
4.6259
4.62589
4.62588
4.62587
4.62586
4.62585
4.62585
4.62584
4.62583
4.62582
4.62581
4.62581
4.6258
4.62579
4.62578
4.62577
4.62577
4.62576
4.62575
4.62574
4.62573
4.62573
4.62572
4.62571
4.6257
4.62569
4.62569
4.62568
4.62567
4.62566
4.62565
4.62565
4.62564
4.62563
4.62562
4.62561
4.6256
4.6256
4.62559
4.62558
4.62557
4.62556
4.62556
4.62555
4.62554
4.62553
4.62552
4.62552
4.62551
4.6255
4.62549
4.62548
4.62548
4.62547
4.62546
4.62545
4.62544
4.62544
4.62543
4.62542
4.62541
4.6254
4.6254
4.62539
4.62538
4.62537
4.62536
4.62535
4.62535
4.62534
4.62533
4.62532
4.62531
4.62531
4.6253
4.62529
4.62528
4.62527
4.62527
4.62526
4.62525
4.62524
4.62523
4.62523
4.62522
4.62521
4.6252
4.62519
4.62519
4.62518
4.62517
4.62516
4.62515
4.62514
4.62514
4.62513
4.62512
4.62511
4.6251
4.6251
4.62509
4.62508
4.62507
4.62506
4.62506
4.62505
4.62504
4.62503
4.62502
4.62502
4.62501
4.625
4.62499
4.62498
4.62498
4.62497
4.62496
4.62495
4.62494
4.62494
4.62493
4.62492
4.62491
4.6249
4.6249
4.62489
4.62488
4.62487
4.62486
4.62486
4.62485
4.62484
4.62483
4.62482
4.62481
4.62481
4.6248
4.62479
4.62478
4.62477
4.62477
4.62476
4.62475
4.62474
4.62473
4.62473
4.62472
4.62471
4.6247
4.62469
4.62469
4.62468
4.62467
4.62466
4.62465
4.62465
4.62464
4.62463
4.62462
4.62461
4.6246
4.6246
4.62459
4.62458
4.62457
4.62456
4.62456
4.62455
4.62454
4.62453
4.62452
4.62452
4.62451
4.6245
4.62449
4.62448
4.62448
4.62447
4.62446
4.62445
4.62444
4.62444
4.62443
4.62442
4.62441
4.6244
4.6244
4.62439
4.62438
4.62437
4.62436
4.62435
4.62435
4.62434
4.62433
4.62432
4.62431
4.62431
4.6243
4.62429
4.62428
4.62427
4.62427
4.62426
4.62425
4.62424
4.62423
4.62423
4.62422
4.62421
4.6242
4.62419
4.62419
4.62418
4.62417
4.62416
4.62415
4.62415
4.62414
4.62413
4.62412
4.62411
4.6241
4.6241
4.62409
4.62408
4.62407
4.62406
4.62406
4.62405
4.62404
4.62403
4.62402
4.62402
4.62401
4.624
4.62399
4.62398
4.62398
4.62397
4.62396
4.62395
4.62394
4.62394
4.62393
4.62392
4.62391
4.6239
4.6239
4.62389
4.62388
4.62387
4.62386
4.62385
4.62385
4.62384
4.62383
4.62382
4.62381
4.62381
4.6238
4.62379
4.62378
4.62377
4.62377
4.62376
4.62375
4.62374
4.62373
4.62373
4.62372
4.62371
4.6237
4.62369
4.62369
4.62368
4.62367
4.62366
4.62365
4.62365
4.62364
4.62363
4.62362
4.62361
4.6236
4.6236
4.62359
4.62358
4.62357
4.62356
4.62356
4.62355
4.62354
4.62353
4.62352
4.62352
4.62351
4.6235
4.62349
4.62348
4.62348
4.62347
4.62346
4.62345
4.62344
4.62344
4.62343
4.62342
4.62341
4.6234
4.62339
4.62339
4.62338
4.62337
4.62336
4.62335
4.62335
4.62334
4.62333
4.62332
4.62331
4.62331
4.6233
4.62329
4.62328
4.62327
4.62327
4.62326
4.62325
4.62324
4.62323
4.62323
4.62322
4.62321
4.6232
4.62319
4.62319
4.62318
4.62317
4.62316
4.62315
4.62315
4.62314
4.62313
4.62312
4.62311
4.62311
4.6231
4.62309
4.62308
4.62307
4.62306
4.62306
4.62305
4.62304
4.62303
4.62302
4.62302
4.62301
4.623
4.62299
4.62298
4.62298
4.62297
4.62296
4.62295
4.62294
4.62294
4.62293
4.62292
4.62291
4.6229
4.6229
4.62289
4.62288
4.62287
4.62286
4.62285
4.62285
4.62284
4.62283
4.62282
4.62281
4.62281
4.6228
4.62279
4.62278
4.62277
4.62277
4.62276
4.62275
4.62274
4.62273
4.62273
4.62272
4.62271
4.6227
4.62269
4.62269
4.62268
4.62267
4.62266
4.62265
4.62265
4.62264
4.62263
4.62262
4.62261
4.6226
4.6226
4.62259
4.62258
4.62257
4.62256
4.62256
4.62255
4.62254
4.62253
4.62252
4.62252
4.62251
4.6225
4.62249
4.62248
4.62248
4.62247
4.62246
4.62245
4.62244
4.62244
4.62243
4.62242
4.62241
4.6224
4.6224
4.62239
4.62238
4.62237
4.62236
4.62235
4.62235
4.62234
4.62233
4.62232
4.62231
4.62231
4.6223
4.62229
4.62228
4.62227
4.62227
4.62226
4.62225
4.62224
4.62223
4.62223
4.62222
4.62221
4.6222
4.62219
4.62219
4.62218
4.62217
4.62216
4.62215
4.62215
4.62214
4.62213
4.62212
4.62211
4.6221
4.6221
4.62209
4.62208
4.62207
4.62206
4.62206
4.62205
4.62204
4.62203
4.62202
4.62202
4.62201
4.622
4.62199
4.62198
4.62198
4.62197
4.62196
4.62195
4.62194
4.62194
4.62193
4.62192
4.62191
4.6219
4.6219
4.62189
4.62188
4.62187
4.62186
4.62185
4.62185
4.62184
4.62183
4.62182
4.62181
4.62181
4.6218
4.62179
4.62178
4.62177
4.62177
4.62176
4.62175
4.62174
4.62173
4.62173
4.62172
4.62171
4.6217
4.62169
4.62169
4.62168
4.62167
4.62166
4.62165
4.62164
4.62164
4.62163
4.62162
4.62161
4.6216
4.6216
4.62159
4.62158
4.62157
4.62156
4.62156
4.62155
4.62154
4.62153
4.62152
4.62152
4.62151
4.6215
4.62149
4.62148
4.62148
4.62147
4.62146
4.62145
4.62144
4.62144
4.62143
4.62142
4.62141
4.6214
4.6214
4.62139
4.62138
4.62137
4.62136
4.62136
4.62135
4.62134
4.62133
4.62132
4.62131
4.62131
4.6213
4.62129
4.62128
4.62127
4.62127
4.62126
4.62125
4.62124
4.62123
4.62123
4.62122
4.62121
4.6212
4.62119
4.62119
4.62118
4.62117
4.62116
4.62115
4.62115
4.62114
4.62113
4.62112
4.62111
4.6211
4.6211
4.62109
4.62108
4.62107
4.62106
4.62106
4.62105
4.62104
4.62103
4.62102
4.62102
4.62101
4.621
4.62099
4.62098
4.62098
4.62097
4.62096
4.62095
4.62094
4.62094
4.62093
4.62092
4.62091
4.6209
4.6209
4.62089
4.62088
4.62087
4.62086
4.62085
4.62085
4.62084
4.62083
4.62082
4.62081
4.62081
4.6208
4.62079
4.62078
4.62077
4.62077
4.62076
4.62075
4.62074
4.62073
4.62073
4.62072
4.62071
4.6207
4.62069
4.62069
4.62068
4.62067
4.62066
4.62065
4.62065
4.62064
4.62063
4.62062
4.62061
4.6206
4.6206
4.62059
4.62058
4.62057
4.62056
4.62056
4.62055
4.62054
4.62053
4.62052
4.62052
4.62051
4.6205
4.62049
4.62048
4.62048
4.62047
4.62046
4.62045
4.62044
4.62044
4.62043
4.62042
4.62041
4.6204
4.6204
4.62039
4.62038
4.62037
4.62036
4.62035
4.62035
4.62034
4.62033
4.62032
4.62031
4.62031
4.6203
4.62029
4.62028
4.62027
4.62027
4.62026
4.62025
4.62024
4.62023
4.62023
4.62022
4.62021
4.6202
4.62019
4.62019
4.62018
4.62017
4.62016
4.62015
4.62015
4.62014
4.62013
4.62012
4.62011
4.6201
4.6201
4.62009
4.62008
4.62007
4.62006
4.62006
4.62005
4.62004
4.62003
4.62002
4.62002
4.62001
4.62
4.61999
4.61998
4.61998
4.61997
4.61996
4.61995
4.61994
4.61994
4.61993
4.61992
4.61991
4.6199
4.61989
4.61989
4.61988
4.61987
4.61986
4.61985
4.61985
4.61984
4.61983
4.61982
4.61981
4.61981
4.6198
4.61979
4.61978
4.61977
4.61977
4.61976
4.61975
4.61974
4.61973
4.61973
4.61972
4.61971
4.6197
4.61969
4.61969
4.61968
4.61967
4.61966
4.61965
4.61965
4.61964
4.61963
4.61962
4.61961
4.61961
4.6196
4.61959
4.61958
4.61957
4.61956
4.61956
4.61955
4.61954
4.61953
4.61952
4.61952
4.61951
4.6195
4.61949
4.61948
4.61948
4.61947
4.61946
4.61945
4.61944
4.61944
4.61943
4.61942
4.61941
4.6194
4.6194
4.61939
4.61938
4.61937
4.61936
4.61935
4.61935
4.61934
4.61933
4.61932
4.61931
4.61931
4.6193
4.61929
4.61928
4.61927
4.61927
4.61926
4.61925
4.61924
4.61923
4.61923
4.61922
4.61921
4.6192
4.61919
4.61919
4.61918
4.61917
4.61916
4.61915
4.61915
4.61914
4.61913
4.61912
4.61911
4.6191
4.6191
4.61909
4.61908
4.61907
4.61906
4.61906
4.61905
4.61904
4.61903
4.61902
4.61902
4.61901
4.619
4.61899
4.61898
4.61898
4.61897
4.61896
4.61895
4.61894
4.61894
4.61893
4.61892
4.61891
4.6189
4.6189
4.61889
4.61888
4.61887
4.61886
4.61885
4.61885
4.61884
4.61883
4.61882
4.61881
4.61881
4.6188
4.61879
4.61878
4.61877
4.61877
4.61876
4.61875
4.61874
4.61873
4.61873
4.61872
4.61871
4.6187
4.61869
4.61869
4.61868
4.61867
4.61866
4.61865
4.61865
4.61864
4.61863
4.61862
4.61861
4.6186
4.6186
4.61859
4.61858
4.61857
4.61856
4.61856
4.61855
4.61854
4.61853
4.61852
4.61852
4.61851
4.6185
4.61849
4.61848
4.61848
4.61847
4.61846
4.61845
4.61844
4.61844
4.61843
4.61842
4.61841
4.6184
4.6184
4.61839
4.61838
4.61837
4.61836
4.61835
4.61835
4.61834
4.61833
4.61832
4.61831
4.61831
4.6183
4.61829
4.61828
4.61827
4.61827
4.61826
4.61825
4.61824
4.61823
4.61823
4.61822
4.61821
4.6182
4.61819
4.61819
4.61818
4.61817
4.61816
4.61815
4.61814
4.61814
4.61813
4.61812
4.61811
4.6181
4.6181
4.61809
4.61808
4.61807
4.61806
4.61806
4.61805
4.61804
4.61803
4.61802
4.61802
4.61801
4.618
4.61799
4.61798
4.61798
4.61797
4.61796
4.61795
4.61794
4.61794
4.61793
4.61792
4.61791
4.6179
4.6179
4.61789
4.61788
4.61787
4.61786
4.61786
4.61785
4.61784
4.61783
4.61782
4.61781
4.61781
4.6178
4.61779
4.61778
4.61777
4.61777
4.61776
4.61775
4.61774
4.61773
4.61773
4.61772
4.61771
4.6177
4.61769
4.61769
4.61768
4.61767
4.61766
4.61765
4.61765
4.61764
4.61763
4.61762
4.61761
4.6176
4.6176
4.61759
4.61758
4.61757
4.61756
4.61756
4.61755
4.61754
4.61753
4.61752
4.61752
4.61751
4.6175
4.61749
4.61748
4.61748
4.61747
4.61746
4.61745
4.61744
4.61744
4.61743
4.61742
4.61741
4.6174
4.61739
4.61739
4.61738
4.61737
4.61736
4.61735
4.61735
4.61734
4.61733
4.61732
4.61731
4.61731
4.6173
4.61729
4.61728
4.61727
4.61727
4.61726
4.61725
4.61724
4.61723
4.61723
4.61722
4.61721
4.6172
4.61719
4.61719
4.61718
4.61717
4.61716
4.61715
4.61715
4.61714
4.61713
4.61712
4.61711
4.61711
4.6171
4.61709
4.61708
4.61707
4.61706
4.61706
4.61705
4.61704
4.61703
4.61702
4.61702
4.61701
4.617
4.61699
4.61698
4.61698
4.61697
4.61696
4.61695
4.61694
4.61694
4.61693
4.61692
4.61691
4.6169
4.6169
4.61689
4.61688
4.61687
4.61686
4.61685
4.61685
4.61684
4.61683
4.61682
4.61681
4.61681
4.6168
4.61679
4.61678
4.61677
4.61677
4.61676
4.61675
4.61674
4.61673
4.61673
4.61672
4.61671
4.6167
4.61669
4.61669
4.61668
4.61667
4.61666
4.61665
4.61665
4.61664
4.61663
4.61662
4.61661
4.6166
4.6166
4.61659
4.61658
4.61657
4.61656
4.61656
4.61655
4.61654
4.61653
4.61652
4.61652
4.61651
4.6165
4.61649
4.61648
4.61648
4.61647
4.61646
4.61645
4.61644
4.61644
4.61643
4.61642
4.61641
4.6164
4.61639
4.61639
4.61638
4.61637
4.61636
4.61635
4.61635
4.61634
4.61633
4.61632
4.61631
4.61631
4.6163
4.61629
4.61628
4.61627
4.61627
4.61626
4.61625
4.61624
4.61623
4.61623
4.61622
4.61621
4.6162
4.61619
4.61619
4.61618
4.61617
4.61616
4.61615
4.61615
4.61614
4.61613
4.61612
4.61611
4.6161
4.6161
4.61609
4.61608
4.61607
4.61606
4.61606
4.61605
4.61604
4.61603
4.61602
4.61602
4.61601
4.616
4.61599
4.61598
4.61598
4.61597
4.61596
4.61595
4.61594
4.61594
4.61593
4.61592
4.61591
4.6159
4.6159
4.61589
4.61588
4.61587
4.61586
4.61585
4.61585
4.61584
4.61583
4.61582
4.61581
4.61581
4.6158
4.61579
4.61578
4.61577
4.61577
4.61576
4.61575
4.61574
4.61573
4.61573
4.61572
4.61571
4.6157
4.61569
4.61569
4.61568
4.61567
4.61566
4.61565
4.61564
4.61564
4.61563
4.61562
4.61561
4.6156
4.6156
4.61559
4.61558
4.61557
4.61556
4.61556
4.61555
4.61554
4.61553
4.61552
4.61552
4.61551
4.6155
4.61549
4.61548
4.61548
4.61547
4.61546
4.61545
4.61544
4.61544
4.61543
4.61542
4.61541
4.6154
4.6154
4.61539
4.61538
4.61537
4.61536
4.61536
4.61535
4.61534
4.61533
4.61532
4.61531
4.61531
4.6153
4.61529
4.61528
4.61527
4.61527
4.61526
4.61525
4.61524
4.61523
4.61523
4.61522
4.61521
4.6152
4.61519
4.61519
4.61518
4.61517
4.61516
4.61515
4.61515
4.61514
4.61513
4.61512
4.61511
4.6151
4.6151
4.61509
4.61508
4.61507
4.61506
4.61506
4.61505
4.61504
4.61503
4.61502
4.61502
4.61501
4.615
4.61499
4.61498
4.61498
4.61497
4.61496
4.61495
4.61494
4.61494
4.61493
4.61492
4.61491
4.6149
4.6149
4.61489
4.61488
4.61487
4.61486
4.61485
4.61485
4.61484
4.61483
4.61482
4.61481
4.61481
4.6148
4.61479
4.61478
4.61477
4.61477
4.61476
4.61475
4.61474
4.61473
4.61473
4.61472
4.61471
4.6147
4.61469
4.61469
4.61468
4.61467
4.61466
4.61465
4.61465
4.61464
4.61463
4.61462
4.61461
4.6146
4.6146
4.61459
4.61458
4.61457
4.61456
4.61456
4.61455
4.61454
4.61453
4.61452
4.61452
4.61451
4.6145
4.61449
4.61448
4.61448
4.61447
4.61446
4.61445
4.61444
4.61444
4.61443
4.61442
4.61441
4.6144
4.6144
4.61439
4.61438
4.61437
4.61436
4.61435
4.61435
4.61434
4.61433
4.61432
4.61431
4.61431
4.6143
4.61429
4.61428
4.61427
4.61427
4.61426
4.61425
4.61424
4.61423
4.61423
4.61422
4.61421
4.6142
4.61419
4.61419
4.61418
4.61417
4.61416
4.61415
4.61415
4.61414
4.61413
4.61412
4.61411
4.6141
4.6141
4.61409
4.61408
4.61407
4.61406
4.61406
4.61405
4.61404
4.61403
4.61402
4.61402
4.61401
4.614
4.61399
4.61398
4.61398
4.61397
4.61396
4.61395
4.61394
4.61394
4.61393
4.61392
4.61391
4.6139
4.61389
4.61389
4.61388
4.61387
4.61386
4.61385
4.61385
4.61384
4.61383
4.61382
4.61381
4.61381
4.6138
4.61379
4.61378
4.61377
4.61377
4.61376
4.61375
4.61374
4.61373
4.61373
4.61372
4.61371
4.6137
4.61369
4.61369
4.61368
4.61367
4.61366
4.61365
4.61365
4.61364
4.61363
4.61362
4.61361
4.61361
4.6136
4.61359
4.61358
4.61357
4.61356
4.61356
4.61355
4.61354
4.61353
4.61352
4.61352
4.61351
4.6135
4.61349
4.61348
4.61348
4.61347
4.61346
4.61345
4.61344
4.61344
4.61343
4.61342
4.61341
4.6134
4.6134
4.61339
4.61338
4.61337
4.61336
4.61335
4.61335
4.61334
4.61333
4.61332
4.61331
4.61331
4.6133
4.61329
4.61328
4.61327
4.61327
4.61326
4.61325
4.61324
4.61323
4.61323
4.61322
4.61321
4.6132
4.61319
4.61319
4.61318
4.61317
4.61316
4.61315
4.61315
4.61314
4.61313
4.61312
4.61311
4.6131
4.6131
4.61309
4.61308
4.61307
4.61306
4.61306
4.61305
4.61304
4.61303
4.61302
4.61302
4.61301
4.613
4.61299
4.61298
4.61298
4.61297
4.61296
4.61295
4.61294
4.61294
4.61293
4.61292
4.61291
4.6129
4.6129
4.61289
4.61288
4.61287
4.61286
4.61285
4.61285
4.61284
4.61283
4.61282
4.61281
4.61281
4.6128
4.61279
4.61278
4.61277
4.61277
4.61276
4.61275
4.61274
4.61273
4.61273
4.61272
4.61271
4.6127
4.61269
4.61269
4.61268
4.61267
4.61266
4.61265
4.61265
4.61264
4.61263
4.61262
4.61261
4.6126
4.6126
4.61259
4.61258
4.61257
4.61256
4.61256
4.61255
4.61254
4.61253
4.61252
4.61252
4.61251
4.6125
4.61249
4.61248
4.61248
4.61247
4.61246
4.61245
4.61244
4.61244
4.61243
4.61242
4.61241
4.6124
4.6124
4.61239
4.61238
4.61237
4.61236
4.61235
4.61235
4.61234
4.61233
4.61232
4.61231
4.61231
4.6123
4.61229
4.61228
4.61227
4.61227
4.61226
4.61225
4.61224
4.61223
4.61223
4.61222
4.61221
4.6122
4.61219
4.61219
4.61218
4.61217
4.61216
4.61215
4.61214
4.61214
4.61213
4.61212
4.61211
4.6121
4.6121
4.61209
4.61208
4.61207
4.61206
4.61206
4.61205
4.61204
4.61203
4.61202
4.61202
4.61201
4.612
4.61199
4.61198
4.61198
4.61197
4.61196
4.61195
4.61194
4.61194
4.61193
4.61192
4.61191
4.6119
4.6119
4.61189
4.61188
4.61187
4.61186
4.61186
4.61185
4.61184
4.61183
4.61182
4.61181
4.61181
4.6118
4.61179
4.61178
4.61177
4.61177
4.61176
4.61175
4.61174
4.61173
4.61173
4.61172
4.61171
4.6117
4.61169
4.61169
4.61168
4.61167
4.61166
4.61165
4.61165
4.61164
4.61163
4.61162
4.61161
4.6116
4.6116
4.61159
4.61158
4.61157
4.61156
4.61156
4.61155
4.61154
4.61153
4.61152
4.61152
4.61151
4.6115
4.61149
4.61148
4.61148
4.61147
4.61146
4.61145
4.61144
4.61144
4.61143
4.61142
4.61141
4.6114
4.6114
4.61139
4.61138
4.61137
4.61136
4.61135
4.61135
4.61134
4.61133
4.61132
4.61131
4.61131
4.6113
4.61129
4.61128
4.61127
4.61127
4.61126
4.61125
4.61124
4.61123
4.61123
4.61122
4.61121
4.6112
4.61119
4.61119
4.61118
4.61117
4.61116
4.61115
4.61115
4.61114
4.61113
4.61112
4.61111
4.6111
4.6111
4.61109
4.61108
4.61107
4.61106
4.61106
4.61105
4.61104
4.61103
4.61102
4.61102
4.61101
4.611
4.61099
4.61098
4.61098
4.61097
4.61096
4.61095
4.61094
4.61094
4.61093
4.61092
4.61091
4.6109
4.6109
4.61089
4.61088
4.61087
4.61086
4.61085
4.61085
4.61084
4.61083
4.61082
4.61081
4.61081
4.6108
4.61079
4.61078
4.61077
4.61077
4.61076
4.61075
4.61074
4.61073
4.61073
4.61072
4.61071
4.6107
4.61069
4.61069
4.61068
4.61067
4.61066
4.61065
4.61065
4.61064
4.61063
4.61062
4.61061
4.6106
4.6106
4.61059
4.61058
4.61057
4.61056
4.61056
4.61055
4.61054
4.61053
4.61052
4.61052
4.61051
4.6105
4.61049
4.61048
4.61048
4.61047
4.61046
4.61045
4.61044
4.61044
4.61043
4.61042
4.61041
4.6104
4.61039
4.61039
4.61038
4.61037
4.61036
4.61035
4.61035
4.61034
4.61033
4.61032
4.61031
4.61031
4.6103
4.61029
4.61028
4.61027
4.61027
4.61026
4.61025
4.61024
4.61023
4.61023
4.61022
4.61021
4.6102
4.61019
4.61019
4.61018
4.61017
4.61016
4.61015
4.61015
4.61014
4.61013
4.61012
4.61011
4.61011
4.6101
4.61009
4.61008
4.61007
4.61006
4.61006
4.61005
4.61004
4.61003
4.61002
4.61002
4.61001
4.61
4.60999
4.60998
4.60998
4.60997
4.60996
4.60995
4.60994
4.60994
4.60993
4.60992
4.60991
4.6099
4.6099
4.60989
4.60988
4.60987
4.60986
4.60985
4.60985
4.60984
4.60983
4.60982
4.60981
4.60981
4.6098
4.60979
4.60978
4.60977
4.60977
4.60976
4.60975
4.60974
4.60973
4.60973
4.60972
4.60971
4.6097
4.60969
4.60969
4.60968
4.60967
4.60966
4.60965
4.60965
4.60964
4.60963
4.60962
4.60961
4.6096
4.6096
4.60959
4.60958
4.60957
4.60956
4.60956
4.60955
4.60954
4.60953
4.60952
4.60952
4.60951
4.6095
4.60949
4.60948
4.60948
4.60947
4.60946
4.60945
4.60944
4.60944
4.60943
4.60942
4.60941
4.6094
4.6094
4.60939
4.60938
4.60937
4.60936
4.60935
4.60935
4.60934
4.60933
4.60932
4.60931
4.60931
4.6093
4.60929
4.60928
4.60927
4.60927
4.60926
4.60925
4.60924
4.60923
4.60923
4.60922
4.60921
4.6092
4.60919
4.60919
4.60918
4.60917
4.60916
4.60915
4.60915
4.60914
4.60913
4.60912
4.60911
4.6091
4.6091
4.60909
4.60908
4.60907
4.60906
4.60906
4.60905
4.60904
4.60903
4.60902
4.60902
4.60901
4.609
4.60899
4.60898
4.60898
4.60897
4.60896
4.60895
4.60894
4.60894
4.60893
4.60892
4.60891
4.6089
4.6089
4.60889
4.60888
4.60887
4.60886
4.60885
4.60885
4.60884
4.60883
4.60882
4.60881
4.60881
4.6088
4.60879
4.60878
4.60877
4.60877
4.60876
4.60875
4.60874
4.60873
4.60873
4.60872
4.60871
4.6087
4.60869
4.60869
4.60868
4.60867
4.60866
4.60865
4.60864
4.60864
4.60863
4.60862
4.60861
4.6086
4.6086
4.60859
4.60858
4.60857
4.60856
4.60856
4.60855
4.60854
4.60853
4.60852
4.60852
4.60851
4.6085
4.60849
4.60848
4.60848
4.60847
4.60846
4.60845
4.60844
4.60844
4.60843
4.60842
4.60841
4.6084
4.6084
4.60839
4.60838
4.60837
4.60836
4.60836
4.60835
4.60834
4.60833
4.60832
4.60831
4.60831
4.6083
4.60829
4.60828
4.60827
4.60827
4.60826
4.60825
4.60824
4.60823
4.60823
4.60822
4.60821
4.6082
4.60819
4.60819
4.60818
4.60817
4.60816
4.60815
4.60815
4.60814
4.60813
4.60812
4.60811
4.6081
4.6081
4.60809
4.60808
4.60807
4.60806
4.60806
4.60805
4.60804
4.60803
4.60802
4.60802
4.60801
4.608
4.60799
4.60798
4.60798
4.60797
4.60796
4.60795
4.60794
4.60794
4.60793
4.60792
4.60791
4.6079
4.6079
4.60789
4.60788
4.60787
4.60786
4.60785
4.60785
4.60784
4.60783
4.60782
4.60781
4.60781
4.6078
4.60779
4.60778
4.60777
4.60777
4.60776
4.60775
4.60774
4.60773
4.60773
4.60772
4.60771
4.6077
4.60769
4.60769
4.60768
4.60767
4.60766
4.60765
4.60765
4.60764
4.60763
4.60762
4.60761
4.6076
4.6076
4.60759
4.60758
4.60757
4.60756
4.60756
4.60755
4.60754
4.60753
4.60752
4.60752
4.60751
4.6075
4.60749
4.60748
4.60748
4.60747
4.60746
4.60745
4.60744
4.60744
4.60743
4.60742
4.60741
4.6074
4.6074
4.60739
4.60738
4.60737
4.60736
4.60735
4.60735
4.60734
4.60733
4.60732
4.60731
4.60731
4.6073
4.60729
4.60728
4.60727
4.60727
4.60726
4.60725
4.60724
4.60723
4.60723
4.60722
4.60721
4.6072
4.60719
4.60719
4.60718
4.60717
4.60716
4.60715
4.60715
4.60714
4.60713
4.60712
4.60711
4.6071
4.6071
4.60709
4.60708
4.60707
4.60706
4.60706
4.60705
4.60704
4.60703
4.60702
4.60702
4.60701
4.607
4.60699
4.60698
4.60698
4.60697
4.60696
4.60695
4.60694
4.60694
4.60693
4.60692
4.60691
4.6069
4.60689
4.60689
4.60688
4.60687
4.60686
4.60685
4.60685
4.60684
4.60683
4.60682
4.60681
4.60681
4.6068
4.60679
4.60678
4.60677
4.60677
4.60676
4.60675
4.60674
4.60673
4.60673
4.60672
4.60671
4.6067
4.60669
4.60669
4.60668
4.60667
4.60666
4.60665
4.60665
4.60664
4.60663
4.60662
4.60661
4.60661
4.6066
4.60659
4.60658
4.60657
4.60656
4.60656
4.60655
4.60654
4.60653
4.60652
4.60652
4.60651
4.6065
4.60649
4.60648
4.60648
4.60647
4.60646
4.60645
4.60644
4.60644
4.60643
4.60642
4.60641
4.6064
4.6064
4.60639
4.60638
4.60637
4.60636
4.60635
4.60635
4.60634
4.60633
4.60632
4.60631
4.60631
4.6063
4.60629
4.60628
4.60627
4.60627
4.60626
4.60625
4.60624
4.60623
4.60623
4.60622
4.60621
4.6062
4.60619
4.60619
4.60618
4.60617
4.60616
4.60615
4.60615
4.60614
4.60613
4.60612
4.60611
4.6061
4.6061
4.60609
4.60608
4.60607
4.60606
4.60606
4.60605
4.60604
4.60603
4.60602
4.60602
4.60601
4.606
4.60599
4.60598
4.60598
4.60597
4.60596
4.60595
4.60594
4.60594
4.60593
4.60592
4.60591
4.6059
4.6059
4.60589
4.60588
4.60587
4.60586
4.60585
4.60585
4.60584
4.60583
4.60582
4.60581
4.60581
4.6058
4.60579
4.60578
4.60577
4.60577
4.60576
4.60575
4.60574
4.60573
4.60573
4.60572
4.60571
4.6057
4.60569
4.60569
4.60568
4.60567
4.60566
4.60565
4.60565
4.60564
4.60563
4.60562
4.60561
4.6056
4.6056
4.60559
4.60558
4.60557
4.60556
4.60556
4.60555
4.60554
4.60553
4.60552
4.60552
4.60551
4.6055
4.60549
4.60548
4.60548
4.60547
4.60546
4.60545
4.60544
4.60544
4.60543
4.60542
4.60541
4.6054
4.6054
4.60539
4.60538
4.60537
4.60536
4.60535
4.60535
4.60534
4.60533
4.60532
4.60531
4.60531
4.6053
4.60529
4.60528
4.60527
4.60527
4.60526
4.60525
4.60524
4.60523
4.60523
4.60522
4.60521
4.6052
4.60519
4.60519
4.60518
4.60517
4.60516
4.60515
4.60514
4.60514
4.60513
4.60512
4.60511
4.6051
4.6051
4.60509
4.60508
4.60507
4.60506
4.60506
4.60505
4.60504
4.60503
4.60502
4.60502
4.60501
4.605
4.60499
4.60498
4.60498
4.60497
4.60496
4.60495
4.60494
4.60494
4.60493
4.60492
4.60491
4.6049
4.6049
4.60489
4.60488
4.60487
4.60486
4.60486
4.60485
4.60484
4.60483
4.60482
4.60481
4.60481
4.6048
4.60479
4.60478
4.60477
4.60477
4.60476
4.60475
4.60474
4.60473
4.60473
4.60472
4.60471
4.6047
4.60469
4.60469
4.60468
4.60467
4.60466
4.60465
4.60465
4.60464
4.60463
4.60462
4.60461
4.6046
4.6046
4.60459
4.60458
4.60457
4.60456
4.60456
4.60455
4.60454
4.60453
4.60452
4.60452
4.60451
4.6045
4.60449
4.60448
4.60448
4.60447
4.60446
4.60445
4.60444
4.60444
4.60443
4.60442
4.60441
4.6044
4.6044
4.60439
4.60438
4.60437
4.60436
4.60435
4.60435
4.60434
4.60433
4.60432
4.60431
4.60431
4.6043
4.60429
4.60428
4.60427
4.60427
4.60426
4.60425
4.60424
4.60423
4.60423
4.60422
4.60421
4.6042
4.60419
4.60419
4.60418
4.60417
4.60416
4.60415
4.60415
4.60414
4.60413
4.60412
4.60411
4.6041
4.6041
4.60409
4.60408
4.60407
4.60406
4.60406
4.60405
4.60404
4.60403
4.60402
4.60402
4.60401
4.604
4.60399
4.60398
4.60398
4.60397
4.60396
4.60395
4.60394
4.60394
4.60393
4.60392
4.60391
4.6039
4.6039
4.60389
4.60388
4.60387
4.60386
4.60385
4.60385
4.60384
4.60383
4.60382
4.60381
4.60381
4.6038
4.60379
4.60378
4.60377
4.60377
4.60376
4.60375
4.60374
4.60373
4.60373
4.60372
4.60371
4.6037
4.60369
4.60369
4.60368
4.60367
4.60366
4.60365
4.60365
4.60364
4.60363
4.60362
4.60361
4.6036
4.6036
4.60359
4.60358
4.60357
4.60356
4.60356
4.60355
4.60354
4.60353
4.60352
4.60352
4.60351
4.6035
4.60349
4.60348
4.60348
4.60347
4.60346
4.60345
4.60344
4.60344
4.60343
4.60342
4.60341
4.6034
4.60339
4.60339
4.60338
4.60337
4.60336
4.60335
4.60335
4.60334
4.60333
4.60332
4.60331
4.60331
4.6033
4.60329
4.60328
4.60327
4.60327
4.60326
4.60325
4.60324
4.60323
4.60323
4.60322
4.60321
4.6032
4.60319
4.60319
4.60318
4.60317
4.60316
4.60315
4.60315
4.60314
4.60313
4.60312
4.60311
4.60311
4.6031
4.60309
4.60308
4.60307
4.60306
4.60306
4.60305
4.60304
4.60303
4.60302
4.60302
4.60301
4.603
4.60299
4.60298
4.60298
4.60297
4.60296
4.60295
4.60294
4.60294
4.60293
4.60292
4.60291
4.6029
4.6029
4.60289
4.60288
4.60287
4.60286
4.60285
4.60285
4.60284
4.60283
4.60282
4.60281
4.60281
4.6028
4.60279
4.60278
4.60277
4.60277
4.60276
4.60275
4.60274
4.60273
4.60273
4.60272
4.60271
4.6027
4.60269
4.60269
4.60268
4.60267
4.60266
4.60265
4.60265
4.60264
4.60263
4.60262
4.60261
4.6026
4.6026
4.60259
4.60258
4.60257
4.60256
4.60256
4.60255
4.60254
4.60253
4.60252
4.60252
4.60251
4.6025
4.60249
4.60248
4.60248
4.60247
4.60246
4.60245
4.60244
4.60244
4.60243
4.60242
4.60241
4.6024
4.6024
4.60239
4.60238
4.60237
4.60236
4.60236
4.60235
4.60234
4.60233
4.60232
4.60231
4.60231
4.6023
4.60229
4.60228
4.60227
4.60227
4.60226
4.60225
4.60224
4.60223
4.60223
4.60222
4.60221
4.6022
4.60219
4.60219
4.60218
4.60217
4.60216
4.60215
4.60215
4.60214
4.60213
4.60212
4.60211
4.6021
4.6021
4.60209
4.60208
4.60207
4.60206
4.60206
4.60205
4.60204
4.60203
4.60202
4.60202
4.60201
4.602
4.60199
4.60198
4.60198
4.60197
4.60196
4.60195
4.60194
4.60194
4.60193
4.60192
4.60191
4.6019
4.6019
4.60189
4.60188
4.60187
4.60186
4.60185
4.60185
4.60184
4.60183
4.60182
4.60181
4.60181
4.6018
4.60179
4.60178
4.60177
4.60177
4.60176
4.60175
4.60174
4.60173
4.60173
4.60172
4.60171
4.6017
4.60169
4.60169
4.60168
4.60167
4.60166
4.60165
4.60164
4.60164
4.60163
4.60162
4.60161
4.6016
4.6016
4.60159
4.60158
4.60157
4.60156
4.60156
4.60155
4.60154
4.60153
4.60152
4.60152
4.60151
4.6015
4.60149
4.60148
4.60148
4.60147
4.60146
4.60145
4.60144
4.60144
4.60143
4.60142
4.60141
4.6014
4.6014
4.60139
4.60138
4.60137
4.60136
4.60136
4.60135
4.60134
4.60133
4.60132
4.60131
4.60131
4.6013
4.60129
4.60128
4.60127
4.60127
4.60126
4.60125
4.60124
4.60123
4.60123
4.60122
4.60121
4.6012
4.60119
4.60119
4.60118
4.60117
4.60116
4.60115
4.60115
4.60114
4.60113
4.60112
4.60111
4.6011
4.6011
4.60109
4.60108
4.60107
4.60106
4.60106
4.60105
4.60104
4.60103
4.60102
4.60102
4.60101
4.601
4.60099
4.60098
4.60098
4.60097
4.60096
4.60095
4.60094
4.60094
4.60093
4.60092
4.60091
4.6009
4.60089
4.60089
4.60088
4.60087
4.60086
4.60085
4.60085
4.60084
4.60083
4.60082
4.60081
4.60081
4.6008
4.60079
4.60078
4.60077
4.60077
4.60076
4.60075
4.60074
4.60073
4.60073
4.60072
4.60071
4.6007
4.60069
4.60069
4.60068
4.60067
4.60066
4.60065
4.60065
4.60064
4.60063
4.60062
4.60061
4.60061
4.6006
4.60059
4.60058
4.60057
4.60056
4.60056
4.60055
4.60054
4.60053
4.60052
4.60052
4.60051
4.6005
4.60049
4.60048
4.60048
4.60047
4.60046
4.60045
4.60044
4.60044
4.60043
4.60042
4.60041
4.6004
4.6004
4.60039
4.60038
4.60037
4.60036
4.60035
4.60035
4.60034
4.60033
4.60032
4.60031
4.60031
4.6003
4.60029
4.60028
4.60027
4.60027
4.60026
4.60025
4.60024
4.60023
4.60023
4.60022
4.60021
4.6002
4.60019
4.60019
4.60018
4.60017
4.60016
4.60015
4.60015
4.60014
4.60013
4.60012
4.60011
4.6001
4.6001
4.60009
4.60008
4.60007
4.60006
4.60006
4.60005
4.60004
4.60003
4.60002
4.60002
4.60001
4.6
4.59999
4.59998
4.59998
4.59997
4.59996
4.59995
4.59994
4.59994
4.59993
4.59992
4.59991
4.5999
4.5999
4.59989
4.59988
4.59987
4.59986
4.59985
4.59985
4.59984
4.59983
4.59982
4.59981
4.59981
4.5998
4.59979
4.59978
4.59977
4.59977
4.59976
4.59975
4.59974
4.59973
4.59973
4.59972
4.59971
4.5997
4.59969
4.59969
4.59968
4.59967
4.59966
4.59965
4.59965
4.59964
4.59963
4.59962
4.59961
4.5996
4.5996
4.59959
4.59958
4.59957
4.59956
4.59956
4.59955
4.59954
4.59953
4.59952
4.59952
4.59951
4.5995
4.59949
4.59948
4.59948
4.59947
4.59946
4.59945
4.59944
4.59944
4.59943
4.59942
4.59941
4.5994
4.5994
4.59939
4.59938
4.59937
4.59936
4.59935
4.59935
4.59934
4.59933
4.59932
4.59931
4.59931
4.5993
4.59929
4.59928
4.59927
4.59927
4.59926
4.59925
4.59924
4.59923
4.59923
4.59922
4.59921
4.5992
4.59919
4.59919
4.59918
4.59917
4.59916
4.59915
4.59914
4.59914
4.59913
4.59912
4.59911
4.5991
4.5991
4.59909
4.59908
4.59907
4.59906
4.59906
4.59905
4.59904
4.59903
4.59902
4.59902
4.59901
4.599
4.59899
4.59898
4.59898
4.59897
4.59896
4.59895
4.59894
4.59894
4.59893
4.59892
4.59891
4.5989
4.5989
4.59889
4.59888
4.59887
4.59886
4.59886
4.59885
4.59884
4.59883
4.59882
4.59881
4.59881
4.5988
4.59879
4.59878
4.59877
4.59877
4.59876
4.59875
4.59874
4.59873
4.59873
4.59872
4.59871
4.5987
4.59869
4.59869
4.59868
4.59867
4.59866
4.59865
4.59865
4.59864
4.59863
4.59862
4.59861
4.5986
4.5986
4.59859
4.59858
4.59857
4.59856
4.59856
4.59855
4.59854
4.59853
4.59852
4.59852
4.59851
4.5985
4.59849
4.59848
4.59848
4.59847
4.59846
4.59845
4.59844
4.59844
4.59843
4.59842
4.59841
4.5984
4.5984
4.59839
4.59838
4.59837
4.59836
4.59835
4.59835
4.59834
4.59833
4.59832
4.59831
4.59831
4.5983
4.59829
4.59828
4.59827
4.59827
4.59826
4.59825
4.59824
4.59823
4.59823
4.59822
4.59821
4.5982
4.59819
4.59819
4.59818
4.59817
4.59816
4.59815
4.59815
4.59814
4.59813
4.59812
4.59811
4.5981
4.5981
4.59809
4.59808
4.59807
4.59806
4.59806
4.59805
4.59804
4.59803
4.59802
4.59802
4.59801
4.598
4.59799
4.59798
4.59798
4.59797
4.59796
4.59795
4.59794
4.59794
4.59793
4.59792
4.59791
4.5979
4.5979
4.59789
4.59788
4.59787
4.59786
4.59785
4.59785
4.59784
4.59783
4.59782
4.59781
4.59781
4.5978
4.59779
4.59778
4.59777
4.59777
4.59776
4.59775
4.59774
4.59773
4.59773
4.59772
4.59771
4.5977
4.59769
4.59769
4.59768
4.59767
4.59766
4.59765
4.59765
4.59764
4.59763
4.59762
4.59761
4.5976
4.5976
4.59759
4.59758
4.59757
4.59756
4.59756
4.59755
4.59754
4.59753
4.59752
4.59752
4.59751
4.5975
4.59749
4.59748
4.59748
4.59747
4.59746
4.59745
4.59744
4.59744
4.59743
4.59742
4.59741
4.5974
4.59739
4.59739
4.59738
4.59737
4.59736
4.59735
4.59735
4.59734
4.59733
4.59732
4.59731
4.59731
4.5973
4.59729
4.59728
4.59727
4.59727
4.59726
4.59725
4.59724
4.59723
4.59723
4.59722
4.59721
4.5972
4.59719
4.59719
4.59718
4.59717
4.59716
4.59715
4.59715
4.59714
4.59713
4.59712
4.59711
4.59711
4.5971
4.59709
4.59708
4.59707
4.59706
4.59706
4.59705
4.59704
4.59703
4.59702
4.59702
4.59701
4.597
4.59699
4.59698
4.59698
4.59697
4.59696
4.59695
4.59694
4.59694
4.59693
4.59692
4.59691
4.5969
4.5969
4.59689
4.59688
4.59687
4.59686
4.59685
4.59685
4.59684
4.59683
4.59682
4.59681
4.59681
4.5968
4.59679
4.59678
4.59677
4.59677
4.59676
4.59675
4.59674
4.59673
4.59673
4.59672
4.59671
4.5967
4.59669
4.59669
4.59668
4.59667
4.59666
4.59665
4.59665
4.59664
4.59663
4.59662
4.59661
4.5966
4.5966
4.59659
4.59658
4.59657
4.59656
4.59656
4.59655
4.59654
4.59653
4.59652
4.59652
4.59651
4.5965
4.59649
4.59648
4.59648
4.59647
4.59646
4.59645
4.59644
4.59644
4.59643
4.59642
4.59641
4.5964
4.5964
4.59639
4.59638
4.59637
4.59636
4.59635
4.59635
4.59634
4.59633
4.59632
4.59631
4.59631
4.5963
4.59629
4.59628
4.59627
4.59627
4.59626
4.59625
4.59624
4.59623
4.59623
4.59622
4.59621
4.5962
4.59619
4.59619
4.59618
4.59617
4.59616
4.59615
4.59615
4.59614
4.59613
4.59612
4.59611
4.5961
4.5961
4.59609
4.59608
4.59607
4.59606
4.59606
4.59605
4.59604
4.59603
4.59602
4.59602
4.59601
4.596
4.59599
4.59598
4.59598
4.59597
4.59596
4.59595
4.59594
4.59594
4.59593
4.59592
4.59591
4.5959
4.5959
4.59589
4.59588
4.59587
4.59586
4.59585
4.59585
4.59584
4.59583
4.59582
4.59581
4.59581
4.5958
4.59579
4.59578
4.59577
4.59577
4.59576
4.59575
4.59574
4.59573
4.59573
4.59572
4.59571
4.5957
4.59569
4.59569
4.59568
4.59567
4.59566
4.59565
4.59564
4.59564
4.59563
4.59562
4.59561
4.5956
4.5956
4.59559
4.59558
4.59557
4.59556
4.59556
4.59555
4.59554
4.59553
4.59552
4.59552
4.59551
4.5955
4.59549
4.59548
4.59548
4.59547
4.59546
4.59545
4.59544
4.59544
4.59543
4.59542
4.59541
4.5954
4.5954
4.59539
4.59538
4.59537
4.59536
4.59536
4.59535
4.59534
4.59533
4.59532
4.59531
4.59531
4.5953
4.59529
4.59528
4.59527
4.59527
4.59526
4.59525
4.59524
4.59523
4.59523
4.59522
4.59521
4.5952
4.59519
4.59519
4.59518
4.59517
4.59516
4.59515
4.59515
4.59514
4.59513
4.59512
4.59511
4.5951
4.5951
4.59509
4.59508
4.59507
4.59506
4.59506
4.59505
4.59504
4.59503
4.59502
4.59502
4.59501
4.595
4.59499
4.59498
4.59498
4.59497
4.59496
4.59495
4.59494
4.59494
4.59493
4.59492
4.59491
4.5949
4.5949
4.59489
4.59488
4.59487
4.59486
4.59485
4.59485
4.59484
4.59483
4.59482
4.59481
4.59481
4.5948
4.59479
4.59478
4.59477
4.59477
4.59476
4.59475
4.59474
4.59473
4.59473
4.59472
4.59471
4.5947
4.59469
4.59469
4.59468
4.59467
4.59466
4.59465
4.59465
4.59464
4.59463
4.59462
4.59461
4.5946
4.5946
4.59459
4.59458
4.59457
4.59456
4.59456
4.59455
4.59454
4.59453
4.59452
4.59452
4.59451
4.5945
4.59449
4.59448
4.59448
4.59447
4.59446
4.59445
4.59444
4.59444
4.59443
4.59442
4.59441
4.5944
4.5944
4.59439
4.59438
4.59437
4.59436
4.59435
4.59435
4.59434
4.59433
4.59432
4.59431
4.59431
4.5943
4.59429
4.59428
4.59427
4.59427
4.59426
4.59425
4.59424
4.59423
4.59423
4.59422
4.59421
4.5942
4.59419
4.59419
4.59418
4.59417
4.59416
4.59415
4.59415
4.59414
4.59413
4.59412
4.59411
4.5941
4.5941
4.59409
4.59408
4.59407
4.59406
4.59406
4.59405
4.59404
4.59403
4.59402
4.59402
4.59401
4.594
4.59399
4.59398
4.59398
4.59397
4.59396
4.59395
4.59394
4.59394
4.59393
4.59392
4.59391
4.5939
4.59389
4.59389
4.59388
4.59387
4.59386
4.59385
4.59385
4.59384
4.59383
4.59382
4.59381
4.59381
4.5938
4.59379
4.59378
4.59377
4.59377
4.59376
4.59375
4.59374
4.59373
4.59373
4.59372
4.59371
4.5937
4.59369
4.59369
4.59368
4.59367
4.59366
4.59365
4.59365
4.59364
4.59363
4.59362
4.59361
4.59361
4.5936
4.59359
4.59358
4.59357
4.59356
4.59356
4.59355
4.59354
4.59353
4.59352
4.59352
4.59351
4.5935
4.59349
4.59348
4.59348
4.59347
4.59346
4.59345
4.59344
4.59344
4.59343
4.59342
4.59341
4.5934
4.5934
4.59339
4.59338
4.59337
4.59336
4.59335
4.59335
4.59334
4.59333
4.59332
